algo,n_clusters_found,n_clusters_db_score_is_min,n_clusters_ch_score_is_max,n_clusters_silhouette_score_is_max,silhouette_score,hopkins_statistic,umap_n_neighbors,umap_min_dist,umap_metric,umap_n_components,trustworthiness,eps,dbscan_min_samples,dbscan_metric,validity_index,cluster_labels
dbscan,6,,,,,0.1213009703897284,10,0.0,correlation,2,0.9003457592686643,0.535269230205729,6.0,euclidean,0.8399025655250236,"[0 1 1 1 1 2 1 1 0 1 0 0 1 1 1 1 0 1 0 0 1 0 3 1 3 1 3 1 1 0 1 1 0 1 0 1 4
 1 1 1 1 4 0 2 4 1 0 0 4 1 1 3 5 4 1 1 1 1 1 0 0 0 1 0 4 2 1 4 0 1 4 1 0 2
 2 1 0 5 3 1 5 1 1 1 4 1 1 0 5 0 2 1 1 1 1 0 5 0 1 3 1 1 4 1 1 5 1 0 1 1 0
 1 1 1 1 1 0 1 1 1 1 1 1 3 4 1 1 1 4 1 1 1 4 1 1 4 2 1 1 0 1 0 0 1 1 0 0 1
 1 1 1 0 5 0 2 0 2 4 5 1 1 0 2 1 2 4 5 1 0 1 1 4 3 0 1 0 4 5 4 2 5 1 4 1 4
 0 0 1 1 5 1 4 4 3 1 1 1 1 0 4 0 1 1 3 0 4 2 2 2 1 1 2 1 0 0 1 1 3 2 4 1 1
 4 0 0 3 5 4 0 1 4 1 0 1 1 4 0 1 5 1 1 1 1 0 1 1 0 1 1 1 0 1 1 1 1 1 0 1 1
 0 1 1 0 0 1 3 1 0 0 5 0 1 1 1 0 5 5 0 1 0 0 4 0 0 0 1 4 0 1 2 0 1 0 5 0 1
 2 1 0 0 1 1 1 0 1 1 0 0 4 1 2 1 1 4 2 4 0 1 1 4 1 1 0 1 1 1 0 1 1 4 3 1 1
 0 0 1 1 3 2 1 5 0 5 1 0 1 1 1 5 2 1 1 1 2 1 1 0 1 0 0 1 0 1 3 4 1 1 1 5 1
 4 4 1 1 0 1 0 0 1 1 4 0 5 5 0 1 1 4 1 2 4 1 4 1 0 0 4 1 1 1 0 1 0 2 0 1 5
 2 5 4 1 1 0 4 1 1 4 5 2 3 0 2 4 3 1 4 1 4 1 5 1 4 4 1 0 1 5 0 5 0 4 0 1 1
 2 1 1 5 0 0 1 1 3 5 1 4 1 1 1 1 1 1 5 2 1 1 1 1 3 1 0 2 4 0 0 1 4 0 5 1 1
 0 4 2 1 4 0 0 0 1 4 3 1 4 4 1 1 0 0 1 3 1 0 1 1 4 0 0 0 2 0 1 1 1 0 1 0 1
 1 1 1 0 3 2 4 4 2 5 1 0 1 1 1 1 0 4 2 3 1 1 1 4 4 0 0 0 3 1 5 0 0 1 4 1 3
 1 0 0 0 4 0 1 3 5 4 1 1 1 5 0 5 1 1 4 1 0 1 0 4 1 0 1 1 1 1 1 0 5 1 0 4 1
 1 1 1 1 2 0 2 5 3 4 1 0 1 1 3 1 0 0 2 0 1 0 5 1 1 0 1 1 1 4 0 0 1 1 0 1 5
 1 4 4 5 5 1 1 0 0 0 1 1 0 0 0 1 1 1 1 4 1 5 1 0 2 1 0 4 0 3 1 1 1 0 1 1 1
 4 1 4 0 1 0 5 0 5 1 1 1 3 1 0 2 0 5 1 4 0 1 1 1 2 4 0 1 4 1 1 4 2 0 5 4 1
 0 1 3 5 1 1 0 2 1 0 1 1 4 2 1 0 1 1 1 4 0 0 4 1 0 1 0 1 1 5 1 4 4 5 1 0 0
 4 0 0 0 4 1 4 4 0 4 1 1 1 2 1 0 1 5 1 0 4 1 4 2 2 3 1 0 1 1 1 1 1 1 5 2 1
 1 0 5 0 0 0 1 1 1 1 1 1 1 0 1 1 5 5 1 1 2 5 1 0 0 0 4 0 1 1 2 1 1 0 1 1 0
 0 1 0 1 4 1 0 1 1 4 1 0 0 1 4 5 1 1 3 1 0 1 1 2 4 4 2 5 0 4 1 2 1 4 2 0 0
 4 1 3 1 0 5 2 4 0 0 1 0 4 1 5 0 0 1 5 4 1 2 1 4 2 1 4 5 3 1 3 1 4 0 1 1 1
 2 1 2 4 0 4 1 4 1 0 5 1 3 0 4 1 1 2 1 1 0 0 1 1 1 1 2 1 5 0 4 0 3 1 1 5 0
 1 1 1 1 1 0 0 1 4 0 1 0 0 0 1 1 0 0 0 4 0 0 1 2 4 1 1 1 0 0 0 0 1 5 0 1 1
 5 1 2 0 4 1 1 1 1 2 5 1 1 1 1 1 1 1 1 1 1 1 4 4 4 0 5 2 0 1 4 1 0 1 1 5 3
 1]"
dbscan,2,,,,,0.082702563243827,10,0.0,cosine,2,0.8944501777552056,0.1780154674929536,6.0,cosine,0.9387943607939297,"[0 1 1 1 1 1 1 1 0 1 0 0 1 1 1 1 0 1 0 0 1 0 0 1 0 1 0 1 1 0 1 1 0 1 0 1 1
 1 1 1 1 1 0 1 1 1 0 0 1 1 1 0 1 1 1 1 1 1 1 0 0 0 1 0 1 1 1 1 0 1 1 1 0 1
 1 1 0 1 0 1 1 1 1 1 1 1 1 0 1 0 1 1 1 1 1 0 1 0 1 0 1 1 1 1 1 1 1 0 1 1 0
 1 1 1 1 1 0 1 1 1 1 1 1 0 1 1 1 1 1 1 1 1 1 1 1 1 1 1 1 0 1 0 0 1 1 0 0 1
 1 1 1 0 1 0 1 0 1 1 1 1 1 0 1 1 1 1 1 1 0 1 1 1 0 0 1 0 1 1 1 1 1 1 1 1 1
 0 0 1 1 1 1 1 1 0 1 1 1 1 0 1 0 1 1 0 0 0 1 1 1 1 1 1 1 0 0 1 1 0 1 1 1 1
 1 0 0 0 1 1 0 1 1 1 0 1 1 1 0 1 1 1 1 1 1 0 1 1 0 1 1 1 0 1 1 1 1 1 0 1 1
 0 1 1 0 0 1 0 1 0 0 1 0 1 1 1 0 1 1 0 1 0 0 1 0 0 0 1 1 0 1 1 0 1 0 1 0 1
 1 1 0 0 1 1 1 0 1 1 0 0 1 1 1 1 1 1 1 1 0 1 1 1 1 1 0 1 1 1 0 1 1 1 0 1 1
 0 0 1 1 0 1 1 1 0 1 1 0 1 1 1 1 1 1 1 1 1 1 1 0 1 0 0 1 0 1 0 1 1 1 1 1 1
 1 1 1 1 0 1 0 0 1 1 0 0 1 1 0 1 1 1 1 1 1 1 1 1 0 0 1 1 1 1 0 1 0 1 0 1 1
 1 1 1 1 1 0 1 1 1 1 1 1 0 0 1 1 0 1 1 1 1 1 1 1 1 1 1 0 1 1 0 1 0 1 0 1 1
 1 1 1 1 0 0 1 1 0 1 1 1 1 1 1 1 1 1 1 1 1 1 1 1 0 1 0 1 1 0 0 1 1 0 1 1 1
 0 1 1 1 1 0 0 0 1 1 0 1 1 1 1 1 0 0 1 0 1 0 1 1 1 0 0 0 1 0 1 1 1 0 1 0 1
 1 1 1 0 0 1 1 1 1 1 1 0 1 1 1 1 0 1 1 0 1 1 1 1 1 0 0 0 0 1 1 0 0 1 1 1 0
 1 0 0 0 1 0 1 0 1 1 1 1 1 1 0 1 1 1 1 1 0 1 0 1 1 0 1 1 1 1 1 0 1 1 0 1 1
 1 1 1 1 1 0 1 1 0 1 1 0 1 1 0 1 0 1 1 0 1 0 1 1 1 0 1 1 1 1 0 0 1 1 0 1 1
 1 1 1 1 1 1 1 0 0 0 1 1 0 0 0 1 1 1 1 1 1 1 1 0 1 1 0 1 0 0 1 1 1 0 1 1 1
 1 1 1 0 1 0 1 0 1 1 1 1 0 1 0 1 0 1 1 1 0 1 1 1 1 1 0 1 1 1 1 1 1 0 1 1 1
 0 1 0 1 1 1 0 1 1 0 1 1 1 1 1 0 1 1 1 1 0 0 1 1 0 1 0 1 1 1 1 1 1 1 1 0 0
 1 0 0 0 1 1 1 1 0 1 1 1 1 1 1 0 1 1 1 0 1 1 1 1 1 0 1 0 1 1 1 1 1 1 1 1 1
 1 0 1 0 0 0 1 1 1 1 1 1 1 0 1 1 1 1 1 1 1 1 1 0 0 0 1 0 1 1 1 1 1 0 1 1 0
 0 1 0 1 1 1 0 1 1 1 1 0 0 1 1 1 1 1 0 1 0 1 1 1 1 1 1 1 0 1 1 1 1 1 1 0 0
 1 1 0 1 0 1 1 1 0 0 1 0 1 1 1 0 0 1 1 1 1 1 1 1 1 1 1 1 0 1 0 1 1 0 1 1 1
 1 1 1 1 0 1 1 1 1 0 1 1 0 0 1 1 1 1 1 1 0 0 1 1 1 1 1 1 1 0 1 0 0 1 1 1 0
 1 1 1 1 1 0 0 1 1 0 1 0 0 0 1 1 0 0 0 1 0 0 1 1 1 1 1 1 0 0 0 0 1 1 0 1 1
 1 1 1 0 1 1 1 1 1 1 1 1 1 1 1 1 1 1 1 1 1 1 1 1 1 0 1 1 0 1 1 1 0 1 1 1 0
 1]"
dbscan,3,,,,,0.12876424012542326,25,0.0,correlation,2,0.8972592515592516,0.2378625866627084,6.0,cosine,0.856663280002953,"[0 0 0 0 0 1 0 0 0 0 0 0 0 0 0 0 0 0 0 0 0 0 2 0 2 0 2 0 0 0 0 0 0 0 0 0 0
 0 0 0 0 0 0 1 0 0 0 0 0 0 0 2 1 0 0 0 0 0 0 0 0 0 0 0 0 1 0 0 0 0 0 0 0 1
 1 0 0 1 2 0 1 0 0 0 0 0 0 0 1 0 1 0 0 0 0 0 1 0 0 2 0 0 0 0 0 1 0 0 0 0 0
 0 0 0 0 0 0 0 0 0 0 0 0 2 0 0 0 0 0 0 0 0 0 0 0 0 1 0 0 0 0 0 0 0 0 0 0 0
 0 0 0 0 1 0 1 0 1 0 1 0 0 0 1 0 1 0 1 0 0 0 0 0 2 0 0 0 0 1 0 1 1 0 0 0 0
 0 0 0 0 1 0 0 0 2 0 0 0 0 0 0 0 0 0 2 0 0 1 1 1 0 0 1 0 0 0 0 0 2 1 0 0 0
 0 0 0 2 1 0 0 0 0 0 0 0 0 0 0 0 1 0 0 0 0 0 0 0 0 0 0 0 0 0 0 0 0 0 0 0 0
 0 0 0 0 0 0 2 0 0 0 1 0 0 0 0 0 1 1 0 0 0 0 0 0 0 0 0 0 0 0 1 0 0 0 1 0 0
 1 0 0 0 0 0 0 0 0 0 0 0 0 0 1 0 0 0 1 0 0 0 0 0 0 0 0 0 0 0 0 0 0 0 2 0 0
 0 0 0 0 2 1 0 1 0 1 0 0 0 0 0 1 1 0 0 0 1 0 0 0 0 0 0 0 0 0 2 0 0 0 0 1 0
 0 0 0 0 0 0 0 0 0 0 0 0 1 1 0 0 0 0 0 1 0 0 0 0 0 0 0 0 0 0 0 0 0 1 0 0 1
 1 1 0 0 0 0 0 0 0 0 1 1 2 0 1 0 2 0 0 0 0 0 1 0 0 0 0 0 0 1 0 1 0 0 0 0 0
 1 0 0 1 0 0 0 0 2 1 0 0 0 0 0 0 0 0 1 1 0 0 0 0 2 0 0 1 0 0 0 0 0 0 1 0 0
 0 0 1 0 0 0 0 0 0 0 2 0 0 0 0 0 0 0 0 2 0 0 0 0 0 0 0 0 1 0 0 0 0 0 0 0 0
 0 0 0 0 2 1 0 0 1 1 0 0 0 0 0 0 0 0 1 2 0 0 0 0 0 0 0 0 2 0 1 0 0 0 0 0 2
 0 0 0 0 0 0 0 2 1 0 0 0 0 1 0 1 0 0 0 0 0 0 0 0 0 0 0 0 0 0 0 0 1 0 0 0 0
 0 0 0 0 1 0 1 1 2 0 0 0 0 0 2 0 0 0 1 0 0 0 1 0 0 0 0 0 0 0 0 0 0 0 0 0 1
 0 0 0 1 1 0 0 0 0 0 0 0 0 0 0 0 0 0 0 0 0 1 0 0 1 0 0 0 0 2 0 0 0 0 0 0 0
 0 0 0 0 0 0 1 0 1 0 0 0 2 0 0 1 0 1 0 0 0 0 0 0 1 0 0 0 0 0 0 0 1 0 1 0 0
 0 0 2 1 0 0 0 1 0 0 0 0 0 1 0 0 0 0 0 0 0 0 0 0 0 0 0 0 0 1 0 0 0 1 0 0 0
 0 0 0 0 0 0 0 0 0 0 0 0 0 1 0 0 0 1 0 0 0 0 0 1 1 2 0 0 0 0 0 0 0 0 1 1 0
 0 0 1 0 0 0 0 0 0 0 0 0 0 0 0 0 1 1 0 0 1 0 0 0 0 0 0 0 0 0 1 0 0 0 0 0 0
 0 0 0 0 0 0 0 0 0 0 0 0 0 0 0 1 0 0 2 0 0 0 0 1 0 0 1 1 0 0 0 1 0 0 1 0 0
 0 0 2 0 0 1 1 0 0 0 0 0 0 0 1 0 0 0 1 0 0 1 0 0 1 0 0 1 2 0 2 0 0 0 0 0 0
 1 0 1 0 0 0 0 0 0 0 1 0 2 0 0 0 0 1 0 0 0 0 0 0 0 0 1 0 1 0 0 0 2 0 0 1 0
 0 0 0 0 0 0 0 0 0 0 0 0 0 0 0 0 0 0 0 0 0 0 0 1 0 0 0 0 0 0 0 0 0 1 0 0 0
 1 0 1 0 0 0 0 0 0 1 1 0 0 0 0 0 0 0 0 0 0 0 0 0 0 0 1 1 0 0 0 0 0 0 0 1 2
 0]"
dbscan,3,,,,,0.07210219918826391,25,0.0,cosine,2,0.9026474012474013,0.15910565825486156,6.0,cosine,0.999546438502425,"[0 1 1 1 1 0 1 1 0 1 0 0 1 1 1 1 0 1 0 0 1 0 2 1 2 1 2 1 1 0 1 1 0 1 0 1 1
 1 1 1 1 1 0 0 1 1 0 0 1 1 1 2 0 1 1 1 1 1 1 0 0 0 1 0 1 0 1 1 0 1 1 1 0 0
 0 1 0 0 2 1 0 1 1 1 1 1 1 0 0 0 0 1 1 1 1 0 0 0 1 2 1 1 1 1 1 0 1 0 1 1 0
 1 1 1 1 1 0 1 1 1 1 1 1 2 1 1 1 1 1 1 1 1 1 1 1 1 0 1 1 0 1 0 0 1 1 0 0 1
 1 1 1 0 0 0 0 0 0 1 0 1 1 0 0 1 0 1 0 1 0 1 1 1 2 0 1 0 1 0 1 0 0 1 1 1 1
 0 0 1 1 0 1 1 1 2 1 1 1 1 0 1 0 1 1 2 0 1 0 0 0 1 1 0 1 0 0 1 1 2 0 1 1 1
 1 0 0 2 0 1 0 1 1 1 0 1 1 1 0 1 0 1 1 1 1 0 1 1 0 1 1 1 0 1 1 1 1 1 0 1 1
 0 1 1 0 0 1 2 1 0 0 0 0 1 1 1 0 0 0 0 1 0 0 1 0 0 0 1 1 0 1 0 0 1 0 0 0 1
 0 1 0 0 1 1 1 0 1 1 0 0 1 1 0 1 1 1 0 1 0 1 1 1 1 1 0 1 1 1 0 1 1 1 2 1 1
 0 0 1 1 2 0 1 0 0 0 1 0 1 1 1 0 0 1 1 1 0 1 1 0 1 0 0 1 0 1 2 1 1 1 1 0 1
 1 1 1 1 0 1 0 0 1 1 0 0 0 0 0 1 1 1 1 0 1 1 1 1 0 0 1 1 1 1 0 1 0 0 0 1 0
 0 0 1 1 1 0 1 1 1 1 0 0 2 0 0 1 2 1 1 1 1 1 0 1 1 1 1 0 1 0 0 0 0 1 0 1 1
 0 1 1 0 0 0 1 1 2 0 1 1 1 1 1 1 1 1 0 0 1 1 1 1 2 1 0 0 1 0 0 1 1 0 0 1 1
 0 1 0 1 1 0 0 0 1 1 2 1 1 1 1 1 0 0 1 2 1 0 1 1 1 0 0 0 0 0 1 1 1 0 1 0 1
 1 1 1 0 2 0 1 1 0 0 1 0 1 1 1 1 0 1 0 2 1 1 1 1 1 0 0 0 2 1 0 0 0 1 1 1 2
 1 0 0 0 1 0 1 2 0 1 1 1 1 0 0 0 1 1 1 1 0 1 0 1 1 0 1 1 1 1 1 0 0 1 0 1 1
 1 1 1 1 0 0 0 0 2 1 1 0 1 1 2 1 0 0 0 0 1 0 0 1 1 0 1 1 1 1 0 0 1 1 0 1 0
 1 1 1 0 0 1 1 0 0 0 1 1 0 0 0 1 1 1 1 1 1 0 1 0 0 1 0 1 0 2 1 1 1 0 1 1 1
 1 1 1 0 1 0 0 0 0 1 1 1 2 1 0 0 0 0 1 1 0 1 1 1 0 1 0 1 0 1 1 1 0 0 0 1 1
 0 1 2 0 1 1 0 0 1 0 1 1 1 0 1 0 1 1 1 1 0 0 1 1 0 1 0 1 1 0 1 1 1 0 1 0 0
 1 0 0 0 1 1 1 1 0 1 1 1 1 0 1 0 1 0 1 0 1 1 1 0 0 2 1 0 1 1 1 1 1 1 0 0 1
 1 0 0 0 0 0 1 1 1 1 1 1 1 0 1 1 0 0 1 1 0 0 1 0 0 0 1 0 1 1 0 1 1 0 1 1 0
 0 1 0 1 1 1 0 1 1 1 1 0 0 1 1 0 1 1 2 1 0 1 1 0 1 1 0 0 0 1 1 0 1 1 0 0 0
 1 1 2 1 0 0 0 1 0 0 1 0 1 1 0 0 0 1 0 1 1 0 1 1 0 1 1 0 2 1 2 1 1 0 1 1 1
 0 1 0 1 0 1 1 1 1 0 0 1 2 0 1 1 1 0 1 1 0 0 1 1 1 1 0 1 0 0 1 0 2 1 1 0 0
 1 1 1 1 1 0 0 1 1 0 1 0 0 0 1 1 0 0 0 1 0 0 1 0 1 1 1 1 0 0 0 0 1 0 0 1 1
 0 1 0 0 1 1 1 1 1 0 0 1 1 1 1 1 1 1 1 1 1 1 1 1 1 0 0 0 0 1 1 1 0 1 1 0 2
 1]"
dbscan,5,,,,,0.12002286048143254,50,0.0,correlation,2,0.9009029529475392,0.4574346552669962,6.0,euclidean,0.8289461942523921,"[0 1 1 1 1 2 1 1 0 1 0 0 1 1 1 1 0 1 0 0 1 0 3 1 3 1 3 1 1 0 1 1 0 1 0 1 4
 1 1 1 1 4 0 2 4 1 0 0 4 1 1 3 2 4 1 1 1 1 1 0 0 0 1 0 4 2 1 4 0 1 4 1 0 2
 2 1 0 2 3 1 2 1 1 1 4 1 1 0 2 0 2 1 1 1 1 0 2 0 1 3 1 1 4 1 1 2 1 0 1 1 0
 1 1 1 1 1 0 1 1 1 1 1 1 3 4 1 1 1 4 1 1 1 4 1 1 4 2 1 1 0 1 0 0 1 1 0 0 1
 1 1 1 0 2 0 2 0 2 4 2 1 1 0 2 1 2 4 2 1 0 1 1 4 3 0 1 0 4 2 4 2 2 1 4 1 4
 0 0 1 1 2 1 4 4 3 1 1 1 1 0 4 0 1 1 3 0 4 2 2 2 1 1 2 1 0 0 1 1 3 2 4 1 1
 4 0 0 3 2 4 0 1 4 1 0 1 1 4 0 1 2 1 1 1 1 0 1 1 0 1 1 1 0 1 1 1 1 1 0 1 1
 0 1 1 0 0 1 3 1 0 0 2 0 1 1 1 0 2 2 0 1 0 0 4 0 0 0 1 4 0 1 2 0 1 0 2 0 1
 2 1 0 0 1 1 1 0 1 1 0 0 4 1 2 1 1 4 2 4 0 1 1 4 1 1 0 1 1 1 0 1 1 4 3 1 1
 0 0 1 1 3 2 1 2 0 2 1 0 1 1 1 2 2 1 1 1 2 1 1 0 1 0 0 1 0 1 3 4 1 1 1 2 1
 4 4 1 1 0 1 0 0 1 1 4 0 2 2 0 1 1 4 1 2 4 1 4 1 0 0 4 1 1 1 0 1 0 2 0 1 2
 2 2 0 1 1 0 4 1 1 4 2 2 3 0 2 4 3 1 4 1 4 1 2 1 4 4 1 0 1 2 0 2 0 4 0 1 1
 2 1 1 2 0 0 1 1 3 2 1 4 1 1 1 1 1 1 2 2 1 1 1 1 3 1 0 2 4 0 0 1 4 0 2 1 1
 0 4 2 1 4 0 0 0 1 4 3 1 4 4 1 1 0 0 1 3 1 0 1 1 4 0 0 0 2 0 1 1 1 0 1 0 1
 1 1 1 0 3 2 4 4 2 2 1 0 1 1 1 1 0 4 2 3 1 1 1 4 4 0 0 0 3 1 2 0 0 1 4 1 3
 1 0 0 0 4 0 1 3 2 4 1 1 1 2 0 2 1 1 4 1 0 1 0 4 1 0 1 1 1 1 1 0 2 1 0 4 1
 1 1 1 1 2 0 2 2 3 4 1 0 1 1 3 1 0 0 2 0 1 0 2 1 1 0 1 1 1 4 0 0 1 1 0 1 2
 1 4 1 2 2 1 1 0 0 0 1 1 0 0 0 1 1 1 1 4 1 2 1 0 2 1 0 4 0 3 1 1 1 0 1 1 1
 4 1 4 0 1 0 2 0 2 1 1 1 3 1 0 2 0 2 1 4 0 1 1 1 2 4 0 1 0 1 1 4 2 0 2 4 1
 0 1 3 2 1 1 0 2 1 0 1 1 4 2 1 0 1 1 1 4 0 0 4 1 0 1 0 1 1 2 1 4 4 2 1 0 0
 4 0 0 0 4 1 4 4 0 4 1 1 1 2 1 0 1 2 1 0 4 1 4 2 2 3 1 0 1 1 1 1 1 1 2 2 1
 1 0 2 0 0 0 1 1 1 1 1 1 1 0 1 1 2 2 1 1 2 0 1 0 0 0 4 0 1 1 2 1 1 0 1 1 0
 0 1 0 1 4 1 0 1 1 4 1 0 0 1 4 2 1 1 3 1 0 1 1 2 4 4 2 2 0 4 1 2 1 4 2 0 0
 4 1 3 1 0 2 2 4 0 0 1 0 4 1 2 0 0 1 2 4 1 2 1 4 2 1 4 2 3 1 3 1 4 0 1 1 1
 2 1 2 4 0 4 1 4 1 0 2 1 3 0 4 1 1 2 1 1 0 0 1 1 1 1 2 1 2 0 4 0 3 1 1 2 0
 1 1 1 1 1 0 0 1 4 0 1 0 0 0 1 1 0 0 0 4 0 0 1 2 4 1 1 1 0 0 0 0 1 2 0 1 1
 2 1 2 0 4 1 1 1 1 2 2 1 1 1 1 1 1 1 1 1 1 1 4 4 4 0 2 2 0 1 4 1 0 1 1 2 3
 1]"
dbscan,5,,,,,0.04762904447611593,50,0.0,cosine,2,0.897419686316928,0.3302917994237424,6.0,chebyshev,0.969590153944985,"[0 1 1 1 1 2 1 1 0 1 0 0 1 1 1 1 0 1 0 0 1 0 3 1 3 1 3 1 1 0 1 1 0 1 0 1 4
 1 1 1 1 4 0 2 4 1 0 0 4 1 1 3 2 4 1 1 1 1 1 0 0 0 1 0 4 2 1 4 0 1 4 1 0 2
 2 1 0 2 3 1 2 1 1 1 4 1 1 0 2 0 2 1 1 1 1 0 2 0 1 3 1 1 4 1 1 2 1 0 1 1 0
 1 1 1 1 1 0 1 1 1 1 1 1 3 4 1 1 1 4 1 1 1 4 1 1 4 2 1 1 0 1 0 0 1 1 0 0 1
 1 1 1 0 2 0 2 0 2 4 2 1 1 0 2 1 2 4 2 1 0 1 1 4 3 0 1 0 4 2 4 2 2 1 4 1 4
 0 0 1 1 2 1 4 4 3 1 1 1 1 0 4 0 1 1 3 0 0 2 2 2 1 1 2 1 0 0 1 1 3 2 4 1 1
 4 0 0 3 2 4 0 1 4 1 0 1 1 4 0 1 2 1 1 1 1 0 1 1 0 1 1 1 0 1 1 1 1 1 0 1 1
 0 1 1 0 0 1 3 1 0 0 2 0 1 1 1 0 2 2 0 1 0 0 4 0 0 0 1 4 0 1 2 0 1 0 2 0 1
 2 1 0 0 1 1 1 0 1 1 0 0 4 1 2 1 1 4 2 4 0 1 1 4 1 1 0 1 1 1 0 1 1 4 3 1 1
 0 0 1 1 3 2 1 2 0 2 1 0 1 1 1 2 2 1 1 1 2 1 1 0 1 0 0 1 0 1 3 4 1 1 1 2 1
 4 4 1 1 0 1 0 0 1 1 0 0 2 2 0 1 1 4 1 2 4 1 4 1 0 0 4 1 1 1 0 1 0 2 0 1 2
 2 2 0 1 1 0 4 1 1 4 2 2 3 0 2 4 3 1 4 1 4 1 2 1 4 4 1 0 1 2 0 2 0 4 0 1 1
 2 1 1 2 0 0 1 1 3 2 1 4 1 1 1 1 1 1 2 2 1 1 1 1 3 1 0 2 4 0 0 1 4 0 2 1 1
 0 4 2 1 4 0 0 0 1 4 3 1 4 4 1 1 0 0 1 3 1 0 1 1 4 0 0 0 2 0 1 1 1 0 1 0 1
 1 1 1 0 3 2 4 4 2 2 1 0 1 1 1 1 0 4 2 3 1 1 1 4 4 0 0 0 3 1 2 0 0 1 4 1 3
 1 0 0 0 4 0 1 3 2 4 1 1 1 2 0 2 1 1 4 1 0 1 0 4 1 0 1 1 1 1 1 0 2 1 0 4 1
 1 1 1 1 2 0 2 2 3 4 1 0 1 1 3 1 0 0 2 0 1 0 2 1 1 0 1 1 1 4 0 0 1 1 0 1 2
 1 4 1 2 2 1 1 0 0 0 1 1 0 0 0 1 1 1 1 4 1 2 1 0 2 1 0 4 0 3 1 1 1 0 1 1 1
 4 1 4 0 1 0 2 0 2 1 1 1 3 1 0 2 0 2 1 4 0 1 1 1 2 4 0 1 0 1 1 4 2 0 2 4 1
 0 1 3 2 1 1 0 2 1 0 1 1 4 2 1 0 1 1 1 4 0 0 4 1 0 1 0 1 1 2 1 4 4 2 1 0 0
 4 0 0 0 4 1 4 4 0 4 1 1 1 2 1 0 1 2 1 0 4 1 0 2 2 3 1 0 1 1 1 1 1 1 2 2 1
 1 0 2 0 0 0 1 1 1 1 1 1 1 0 1 1 2 2 1 1 2 2 1 0 0 0 4 0 1 1 2 1 1 0 1 1 0
 0 1 0 1 4 1 0 1 1 4 1 0 0 1 4 2 1 1 3 1 0 1 1 2 4 4 2 2 0 4 1 2 1 4 2 0 0
 4 1 3 1 0 2 2 4 0 0 1 0 4 1 2 0 0 1 2 4 1 2 1 4 2 1 4 2 3 1 3 1 4 0 1 1 1
 2 1 2 0 0 4 1 4 1 0 2 1 3 0 4 1 1 2 1 1 0 0 1 1 1 1 2 1 2 0 4 0 3 1 1 2 0
 1 1 1 1 1 0 0 1 4 0 1 0 0 0 1 1 0 0 0 4 0 0 1 2 4 1 1 1 0 0 0 0 1 2 0 1 1
 2 1 2 0 4 1 1 1 1 2 2 1 1 1 1 1 1 1 1 1 1 1 4 4 4 0 2 2 0 1 1 1 0 1 1 2 3
 1]"
dbscan,5,,,,,0.14252363449893918,100,0.0,correlation,2,0.9004400706297823,0.4072463019130816,5.0,euclidean,0.8499164243572515,"[0 1 1 1 1 2 1 1 0 1 0 0 1 1 1 1 0 1 0 0 1 0 3 1 3 1 3 1 1 0 1 1 0 1 0 1 4
 1 1 1 1 4 0 2 4 1 0 0 4 1 1 3 2 4 1 1 1 1 1 0 0 0 1 0 4 2 1 4 0 1 4 1 0 2
 2 1 0 2 3 1 2 1 1 1 4 1 1 0 2 0 2 1 1 1 1 0 2 0 1 3 1 1 4 1 1 2 1 0 1 1 0
 1 1 1 1 1 0 1 1 1 1 1 1 3 4 1 1 1 4 1 1 1 4 1 1 4 2 1 1 0 1 0 0 1 1 0 0 1
 1 1 1 0 2 0 2 0 2 4 2 1 1 0 2 1 2 4 2 1 0 1 1 4 3 0 1 0 4 2 4 2 2 1 4 1 4
 0 0 1 1 2 1 4 4 3 1 1 1 1 0 4 0 1 1 3 0 4 2 2 2 1 1 2 1 0 0 1 1 3 2 4 1 1
 4 0 0 3 2 4 0 1 4 1 0 1 1 4 0 1 2 1 1 1 1 0 1 1 0 1 1 1 0 1 1 1 1 1 0 1 1
 0 1 1 0 0 1 3 1 0 0 2 0 1 1 1 0 2 2 0 1 0 0 4 0 0 0 1 4 0 1 2 0 1 0 2 0 1
 2 1 0 0 1 1 1 0 1 1 0 0 4 1 2 1 1 4 2 4 0 1 1 4 1 1 0 1 1 1 0 1 1 4 3 1 1
 0 0 1 1 3 2 1 2 0 2 1 0 1 1 1 2 2 1 1 1 2 1 1 0 1 0 0 1 0 1 3 4 1 1 1 2 1
 4 4 1 1 0 1 0 0 1 1 4 0 2 2 0 1 1 4 1 2 4 1 4 1 0 0 4 1 1 1 0 1 0 2 0 1 2
 2 2 0 1 1 0 4 1 1 4 2 2 3 0 2 4 3 1 4 1 4 1 2 1 4 4 1 0 1 2 0 2 0 4 0 1 1
 2 1 1 2 0 0 1 1 3 2 1 4 1 1 1 1 1 1 2 2 1 1 1 1 3 1 0 2 4 0 0 1 4 1 2 1 1
 0 4 2 1 4 0 0 0 1 4 3 1 4 4 1 1 0 0 1 3 1 0 1 1 4 0 0 0 2 0 1 1 1 0 1 0 1
 1 1 1 0 3 2 4 4 2 2 1 0 1 1 1 1 0 4 2 3 1 1 1 4 4 0 0 0 3 1 2 0 0 1 4 1 3
 1 0 0 0 4 0 1 3 2 4 1 1 1 2 0 2 1 1 4 1 0 1 0 4 1 0 1 1 1 1 1 0 2 1 0 4 1
 1 1 1 1 2 0 2 2 3 4 1 0 1 1 3 1 0 0 2 0 1 0 2 1 1 0 1 1 1 4 0 0 1 1 0 1 2
 1 4 1 2 2 1 1 0 0 0 1 1 0 0 0 1 1 1 1 4 1 2 1 0 2 1 0 4 0 3 1 1 1 0 1 1 1
 4 1 4 0 1 0 2 0 2 1 1 1 3 1 0 2 0 2 1 4 0 1 1 1 2 4 0 1 0 1 1 4 2 0 2 4 1
 0 1 3 2 1 1 0 2 1 0 1 1 4 2 1 0 1 1 1 4 0 0 4 1 0 1 0 1 1 2 1 4 4 2 1 0 0
 4 0 0 0 4 1 4 4 0 4 1 1 1 2 1 0 1 2 1 0 4 1 1 2 2 3 1 0 1 1 1 1 1 1 2 2 1
 1 0 2 0 0 0 1 1 1 1 1 1 1 0 1 1 2 2 1 1 2 2 1 0 0 0 4 0 1 1 2 1 1 0 1 1 0
 0 1 0 1 4 1 0 1 1 4 1 0 0 1 4 2 1 1 3 1 0 1 1 2 4 4 2 2 0 4 1 2 1 4 2 0 0
 4 1 3 1 1 2 2 4 0 0 1 0 4 1 2 0 0 1 2 4 1 2 1 4 2 1 4 2 3 1 3 1 4 0 1 1 1
 2 1 2 4 0 4 1 4 1 0 2 1 3 0 4 1 1 2 1 1 0 0 1 1 1 1 2 1 2 0 4 0 3 1 1 2 0
 1 1 1 1 1 0 0 1 4 0 1 0 0 0 1 1 0 0 0 4 0 0 1 2 4 1 1 1 0 0 0 0 1 2 0 1 1
 2 1 2 0 4 1 1 1 1 2 2 1 1 1 1 1 1 1 1 1 1 1 4 4 4 0 2 2 0 1 1 1 0 1 1 2 3
 1]"
dbscan,3,,,,,0.06475633000119725,100,0.0,cosine,2,0.8956555150088288,0.15449666382874574,4.0,cosine,0.9735180959222254,"[0 0 0 0 0 1 0 0 0 0 0 0 0 0 0 0 0 0 0 0 0 0 2 0 2 0 2 0 0 0 0 0 0 0 0 0 0
 0 0 0 0 0 0 1 0 0 0 0 0 0 0 2 1 0 0 0 0 0 0 0 0 0 0 0 0 1 0 0 0 0 0 0 0 1
 1 0 0 1 2 0 1 0 0 0 0 0 0 0 1 0 1 0 0 0 0 0 1 0 0 2 0 0 0 0 0 1 0 0 0 0 0
 0 0 0 0 0 0 0 0 0 0 0 0 2 0 0 0 0 0 0 0 0 0 0 0 0 1 0 0 0 0 0 0 0 0 0 0 0
 0 0 0 0 1 0 1 0 1 0 1 0 0 0 1 0 1 0 1 0 0 0 0 0 2 0 0 0 0 1 0 1 1 0 0 0 0
 0 0 0 0 1 0 0 0 2 0 0 0 0 0 0 0 0 0 2 0 0 1 1 1 0 0 1 0 0 0 0 0 2 1 0 0 0
 0 0 0 2 1 0 0 0 0 0 0 0 0 0 0 0 1 0 0 0 0 0 0 0 0 0 0 0 0 0 0 0 0 0 0 0 0
 0 0 0 0 0 0 2 0 0 0 1 0 0 0 0 0 1 1 0 0 0 0 0 0 0 0 0 0 0 0 1 0 0 0 1 0 0
 1 0 0 0 0 0 0 0 0 0 0 0 0 0 1 0 0 0 1 0 0 0 0 0 0 0 0 0 0 0 0 0 0 0 2 0 0
 0 0 0 0 2 1 0 1 0 1 0 0 0 0 0 1 1 0 0 0 1 0 0 0 0 0 0 0 0 0 2 0 0 0 0 1 0
 0 0 0 0 0 0 0 0 0 0 0 0 1 1 0 0 0 0 0 1 0 0 0 0 0 0 0 0 0 0 0 0 0 1 0 0 1
 1 1 0 0 0 0 0 0 0 0 1 1 2 0 1 0 2 0 0 0 0 0 1 0 0 0 0 0 0 1 0 1 0 0 0 0 0
 1 0 0 1 0 0 0 0 2 1 0 0 0 0 0 0 0 0 1 1 0 0 0 0 2 0 0 1 0 0 0 0 0 0 1 0 0
 0 0 1 0 0 0 0 0 0 0 2 0 0 0 0 0 0 0 0 2 0 0 0 0 0 0 0 0 1 0 0 0 0 0 0 0 0
 0 0 0 0 2 1 0 0 1 1 0 0 0 0 0 0 0 0 1 2 0 0 0 0 0 0 0 0 2 0 1 0 0 0 0 0 2
 0 0 0 0 0 0 0 2 1 0 0 0 0 1 0 1 0 0 0 0 0 0 0 0 0 0 0 0 0 0 0 0 1 0 0 0 0
 0 0 0 0 1 0 1 1 2 0 0 0 0 0 2 0 0 0 1 0 0 0 1 0 0 0 0 0 0 0 0 0 0 0 0 0 1
 0 0 0 1 1 0 0 0 0 0 0 0 0 0 0 0 0 0 0 0 0 1 0 0 1 0 0 0 0 2 0 0 0 0 0 0 0
 0 0 0 0 0 0 1 0 1 0 0 0 2 0 0 1 0 1 0 0 0 0 0 0 1 0 0 0 0 0 0 0 1 0 1 0 0
 0 0 2 1 0 0 0 1 0 0 0 0 0 1 0 0 0 0 0 0 0 0 0 0 0 0 0 0 0 1 0 0 0 1 0 0 0
 0 0 0 0 0 0 0 0 0 0 0 0 0 1 0 0 0 1 0 0 0 0 0 1 1 2 0 0 0 0 0 0 0 0 1 1 0
 0 0 1 0 0 0 0 0 0 0 0 0 0 0 0 0 1 1 0 0 1 1 0 0 0 0 0 0 0 0 1 0 0 0 0 0 0
 0 0 0 0 0 0 0 0 0 0 0 0 0 0 0 1 0 0 2 0 0 0 0 1 0 0 1 1 0 0 0 1 0 0 1 0 0
 0 0 2 0 0 1 1 0 0 0 0 0 0 0 1 0 0 0 1 0 0 1 0 0 1 0 0 1 2 0 2 0 0 0 0 0 0
 1 0 1 0 0 0 0 0 0 0 1 0 2 0 0 0 0 1 0 0 0 0 0 0 0 0 1 0 1 0 0 0 2 0 0 1 0
 0 0 0 0 0 0 0 0 0 0 0 0 0 0 0 0 0 0 0 0 0 0 0 1 0 0 0 0 0 0 0 0 0 1 0 0 0
 1 0 1 0 0 0 0 0 0 1 1 0 0 0 0 0 0 0 0 0 0 0 0 0 0 0 1 1 0 0 0 0 0 0 0 1 2
 0]"
dbscan,3,,,,,0.11809524554229184,200,0.0,correlation,2,0.8675126733380987,0.1987570799554844,6.0,cosine,0.9323997842745015,"[0 1 1 1 1 1 1 1 0 1 0 0 1 1 1 1 0 1 0 0 1 0 2 1 2 1 2 1 1 0 1 1 0 1 0 1 0
 1 1 1 1 0 0 1 0 1 0 0 0 1 1 2 1 0 1 1 1 1 1 0 0 0 1 0 0 1 1 0 0 1 0 1 0 1
 1 1 0 1 2 1 1 1 1 1 0 1 1 0 1 0 1 1 1 1 1 0 1 0 1 2 1 1 0 1 1 1 1 0 1 1 0
 1 1 1 1 1 0 1 1 1 1 1 1 2 0 1 1 1 0 1 1 1 0 1 1 0 1 1 1 0 1 0 0 1 1 0 0 1
 1 1 1 0 1 0 1 0 1 0 1 1 1 0 1 1 1 0 1 1 0 1 1 0 2 0 1 0 0 1 0 1 1 1 0 1 0
 0 0 1 1 1 1 0 0 2 1 1 1 1 0 0 0 1 1 2 0 0 1 1 1 1 1 1 1 0 0 1 1 2 1 0 1 1
 0 0 0 2 1 0 0 1 0 1 0 1 1 0 0 1 1 1 1 1 1 0 1 1 0 1 1 1 0 1 1 1 1 1 0 1 1
 0 1 1 0 0 1 2 1 0 0 1 0 1 1 1 0 1 1 0 1 0 0 0 0 0 0 1 0 0 1 1 0 1 0 1 0 1
 1 1 0 0 1 1 1 0 1 1 0 0 0 1 1 1 1 0 1 0 0 1 1 0 1 1 0 1 1 1 0 1 1 0 2 1 1
 0 0 1 1 2 1 1 1 0 1 1 0 1 1 1 1 1 1 1 1 1 1 1 0 1 0 0 1 0 1 2 0 1 1 1 1 1
 0 0 1 1 0 1 0 0 1 1 0 0 1 1 0 1 1 0 1 1 0 1 0 1 0 0 0 1 1 1 0 1 0 1 0 1 1
 1 1 0 1 1 0 0 1 1 0 1 1 2 0 1 0 2 1 0 1 0 1 1 1 0 0 1 0 1 1 0 1 0 0 0 1 1
 1 1 1 1 0 0 1 1 2 1 1 0 1 1 1 1 1 1 1 1 1 1 1 1 2 1 0 1 0 0 0 1 0 1 1 1 1
 0 0 1 1 0 0 0 0 1 0 2 1 0 0 1 1 0 0 1 2 1 0 1 1 0 0 0 0 1 0 1 1 1 0 1 0 1
 1 1 1 0 2 1 0 0 1 1 1 0 1 1 1 1 0 0 1 2 1 1 1 0 0 0 0 0 2 1 1 0 0 1 0 1 2
 1 0 0 0 0 0 1 2 1 0 1 1 1 1 0 1 1 1 0 1 0 1 0 0 1 0 1 1 1 1 1 0 1 1 0 0 1
 1 1 1 1 1 0 1 1 2 0 1 0 1 1 2 1 0 0 1 0 1 0 1 1 1 0 1 1 1 0 0 0 1 1 0 1 1
 1 0 1 1 1 1 1 0 0 0 1 1 0 0 0 1 1 1 1 0 1 1 1 0 1 1 0 0 0 2 1 1 1 0 1 1 1
 0 1 0 0 1 0 1 0 1 1 1 1 2 1 0 1 0 1 1 0 0 1 1 1 1 0 0 1 0 1 1 0 1 0 1 0 1
 0 1 2 1 1 1 0 1 1 0 1 1 0 1 1 0 1 1 1 0 0 0 0 1 0 1 0 1 1 1 1 0 0 1 1 0 0
 0 0 0 0 0 1 0 0 0 0 1 1 1 1 1 0 1 1 1 0 0 1 1 1 1 2 1 0 1 1 1 1 1 1 1 1 1
 1 0 1 0 0 0 1 1 1 1 1 1 1 0 1 1 1 1 1 1 1 1 1 0 0 0 0 0 1 1 1 1 1 0 1 1 0
 0 1 0 1 0 1 0 1 1 0 1 0 0 1 0 1 1 1 2 1 0 1 1 1 0 0 1 1 0 0 1 1 1 0 1 0 0
 0 1 2 1 1 1 1 0 0 0 1 0 0 1 1 0 0 1 1 0 1 1 1 0 1 1 0 1 2 1 2 1 0 0 1 1 1
 1 1 1 0 0 0 1 0 1 0 1 1 2 0 0 1 1 1 1 1 0 0 1 1 1 1 1 1 1 0 0 0 2 1 1 1 0
 1 1 1 1 1 0 0 1 0 0 1 0 0 0 1 1 0 0 0 0 0 0 1 1 0 1 1 1 0 0 0 1 1 1 0 1 1
 1 1 1 0 0 1 1 1 1 1 1 1 1 1 1 1 1 1 1 1 1 1 0 0 0 0 1 1 0 1 1 1 0 1 1 1 2
 1]"
dbscan,2,,,,,0.07794544963225969,200,0.0,cosine,2,0.8898320228734811,0.17969519184717042,6.0,cosine,0.986645068501332,"[0 0 0 0 0 0 0 0 0 0 0 0 0 0 0 0 0 0 0 0 0 0 1 0 1 0 1 0 0 0 0 0 0 0 0 0 0
 0 0 0 0 0 0 0 0 0 0 0 0 0 0 1 0 0 0 0 0 0 0 0 0 0 0 0 0 0 0 0 0 0 0 0 0 0
 0 0 0 0 1 0 0 0 0 0 0 0 0 0 0 0 0 0 0 0 0 0 0 0 0 1 0 0 0 0 0 0 0 0 0 0 0
 0 0 0 0 0 0 0 0 0 0 0 0 1 0 0 0 0 0 0 0 0 0 0 0 0 0 0 0 0 0 0 0 0 0 0 0 0
 0 0 0 0 0 0 0 0 0 0 0 0 0 0 0 0 0 0 0 0 0 0 0 0 1 0 0 0 0 0 0 0 0 0 0 0 0
 0 0 0 0 0 0 0 0 1 0 0 0 0 0 0 0 0 0 1 0 0 0 0 0 0 0 0 0 0 0 0 0 1 0 0 0 0
 0 0 0 1 0 0 0 0 0 0 0 0 0 0 0 0 0 0 0 0 0 0 0 0 0 0 0 0 0 0 0 0 0 0 0 0 0
 0 0 0 0 0 0 1 0 0 0 0 0 0 0 0 0 0 0 0 0 0 0 0 0 0 0 0 0 0 0 0 0 0 0 0 0 0
 0 0 0 0 0 0 0 0 0 0 0 0 0 0 0 0 0 0 0 0 0 0 0 0 0 0 0 0 0 0 0 0 0 0 1 0 0
 0 0 0 0 1 0 0 0 0 0 0 0 0 0 0 0 0 0 0 0 0 0 0 0 0 0 0 0 0 0 1 0 0 0 0 0 0
 0 0 0 0 0 0 0 0 0 0 0 0 0 0 0 0 0 0 0 0 0 0 0 0 0 0 0 0 0 0 0 0 0 0 0 0 0
 0 0 0 0 0 0 0 0 0 0 0 0 1 0 0 0 1 0 0 0 0 0 0 0 0 0 0 0 0 0 0 0 0 0 0 0 0
 0 0 0 0 0 0 0 0 1 0 0 0 0 0 0 0 0 0 0 0 0 0 0 0 1 0 0 0 0 0 0 0 0 0 0 0 0
 0 0 0 0 0 0 0 0 0 0 1 0 0 0 0 0 0 0 0 1 0 0 0 0 0 0 0 0 0 0 0 0 0 0 0 0 0
 0 0 0 0 1 0 0 0 0 0 0 0 0 0 0 0 0 0 0 1 0 0 0 0 0 0 0 0 1 0 0 0 0 0 0 0 1
 0 0 0 0 0 0 0 1 0 0 0 0 0 0 0 0 0 0 0 0 0 0 0 0 0 0 0 0 0 0 0 0 0 0 0 0 0
 0 0 0 0 0 0 0 0 1 0 0 0 0 0 1 0 0 0 0 0 0 0 0 0 0 0 0 0 0 0 0 0 0 0 0 0 0
 0 0 0 0 0 0 0 0 0 0 0 0 0 0 0 0 0 0 0 0 0 0 0 0 0 0 0 0 0 1 0 0 0 0 0 0 0
 0 0 0 0 0 0 0 0 0 0 0 0 1 0 0 0 0 0 0 0 0 0 0 0 0 0 0 0 0 0 0 0 0 0 0 0 0
 0 0 1 0 0 0 0 0 0 0 0 0 0 0 0 0 0 0 0 0 0 0 0 0 0 0 0 0 0 0 0 0 0 0 0 0 0
 0 0 0 0 0 0 0 0 0 0 0 0 0 0 0 0 0 0 0 0 0 0 0 0 0 1 0 0 0 0 0 0 0 0 0 0 0
 0 0 0 0 0 0 0 0 0 0 0 0 0 0 0 0 0 0 0 0 0 0 0 0 0 0 0 0 0 0 0 0 0 0 0 0 0
 0 0 0 0 0 0 0 0 0 0 0 0 0 0 0 0 0 0 1 0 0 0 0 0 0 0 0 0 0 0 0 0 0 0 0 0 0
 0 0 1 0 0 0 0 0 0 0 0 0 0 0 0 0 0 0 0 0 0 0 0 0 0 0 0 0 1 0 1 0 0 0 0 0 0
 0 0 0 0 0 0 0 0 0 0 0 0 1 0 0 0 0 0 0 0 0 0 0 0 0 0 0 0 0 0 0 0 1 0 0 0 0
 0 0 0 0 0 0 0 0 0 0 0 0 0 0 0 0 0 0 0 0 0 0 0 0 0 0 0 0 0 0 0 0 0 0 0 0 0
 0 0 0 0 0 0 0 0 0 0 0 0 0 0 0 0 0 0 0 0 0 0 0 0 0 0 0 0 0 0 0 0 0 0 0 0 1
 0]"
dbscan,7,,,,,0.1221556177240391,10,0.01,correlation,2,0.9028234636871508,0.507778277983818,6.0,euclidean,0.7627147429928359,"[0 1 1 1 1 2 1 1 0 1 3 0 1 1 1 1 0 1 3 0 1 3 4 1 4 1 4 1 1 0 1 1 0 1 3 1 5
 1 1 1 1 5 0 2 5 1 0 0 5 1 1 4 6 5 1 1 1 1 1 3 0 3 1 0 5 2 1 5 0 1 5 1 0 2
 2 1 0 6 4 1 6 1 1 1 5 1 1 0 6 0 2 1 1 1 1 3 6 0 1 4 1 1 5 1 1 6 1 3 1 1 3
 1 1 1 1 1 0 1 1 1 1 1 1 4 5 1 1 1 5 1 1 1 5 1 1 5 2 1 1 0 1 0 0 1 1 0 0 1
 1 1 1 0 6 0 2 3 2 5 6 1 1 0 2 1 2 5 6 1 3 1 1 5 4 0 1 3 5 6 5 2 6 1 5 1 5
 0 3 1 1 6 1 5 5 4 1 1 1 1 3 5 3 1 1 4 3 5 2 2 2 1 1 2 1 0 3 1 1 4 2 5 1 1
 5 3 0 4 6 5 0 1 5 1 3 1 1 5 0 1 6 1 1 1 1 0 1 1 0 1 1 1 0 1 1 1 1 1 0 1 1
 0 1 1 3 3 1 4 1 3 0 6 0 1 1 1 0 6 6 0 1 0 0 5 0 0 3 1 5 0 1 2 0 1 0 6 0 1
 2 1 3 0 1 1 1 3 1 1 0 3 5 1 2 1 1 5 2 5 3 1 1 5 1 1 0 1 1 1 0 1 1 5 4 1 1
 0 3 1 1 4 2 1 6 0 6 1 0 1 1 1 6 2 1 1 1 2 1 1 3 1 0 0 1 0 1 4 5 1 1 1 6 1
 5 5 1 1 0 1 3 0 1 1 5 3 6 6 3 1 1 5 1 2 5 1 5 1 3 3 5 1 1 1 0 1 0 2 3 1 6
 2 6 5 1 1 0 5 1 1 5 6 2 4 0 2 5 4 1 5 1 5 1 6 1 5 5 1 3 1 6 0 6 0 5 0 1 1
 2 1 1 6 0 0 1 1 4 6 1 5 1 1 1 1 1 1 6 2 1 1 1 1 4 1 0 2 5 0 3 1 5 0 6 1 1
 0 5 2 1 5 3 0 3 1 5 4 1 5 5 1 1 0 0 1 4 1 0 1 1 5 0 0 0 2 0 1 1 1 0 1 0 1
 1 1 1 3 4 2 5 5 2 6 1 0 1 1 1 1 0 5 2 4 1 1 1 5 5 0 3 0 4 1 6 0 0 1 5 1 4
 1 3 0 3 5 3 1 4 6 5 1 1 1 6 0 6 1 1 5 1 0 1 0 5 1 0 1 1 1 1 1 0 6 1 3 5 1
 1 1 1 1 2 3 2 6 4 5 1 0 1 1 4 1 0 0 2 3 1 3 6 1 1 3 1 1 1 5 3 0 1 1 0 1 6
 1 5 5 6 6 1 1 0 3 3 1 1 0 0 0 1 1 1 1 5 1 6 1 3 2 1 0 5 3 4 1 1 1 0 1 1 1
 5 1 5 0 1 0 6 0 6 1 1 1 4 1 0 2 3 6 1 5 0 1 1 1 2 5 0 1 5 1 1 5 2 3 6 5 1
 0 1 4 6 1 1 0 2 1 0 1 1 5 2 1 3 1 1 1 5 0 3 5 1 3 1 0 1 1 6 1 5 5 6 1 3 3
 5 0 0 3 5 1 5 5 0 5 1 1 1 2 1 0 1 6 1 3 5 1 5 2 2 4 1 3 1 1 1 1 1 1 6 2 1
 1 3 6 3 3 3 1 1 1 1 1 1 1 0 1 1 6 6 1 1 2 6 1 3 3 3 5 0 1 1 2 1 1 0 1 1 0
 0 1 0 1 5 1 0 1 1 5 1 3 0 1 5 6 1 1 4 1 3 1 1 2 5 5 2 6 0 5 1 2 1 5 2 0 0
 5 1 4 1 0 6 2 5 0 0 1 0 5 1 6 3 0 1 6 5 1 2 1 5 2 1 5 6 4 1 4 1 5 3 1 1 1
 2 1 2 5 3 5 1 5 1 3 6 1 4 3 5 1 1 2 1 1 0 3 1 1 1 1 2 1 6 3 5 0 4 1 1 6 0
 1 1 1 1 1 3 0 1 5 0 1 0 0 0 1 1 0 0 0 5 3 3 1 2 5 1 1 1 0 0 0 3 1 6 0 0 1
 6 1 2 0 5 1 1 1 1 2 6 1 1 1 1 1 1 1 1 1 1 1 5 5 5 3 6 2 0 1 5 1 0 1 1 6 4
 1]"
dbscan,7,,,,,0.09408962822162381,10,0.01,cosine,2,0.8974783138649061,0.37878384378421864,5.0,manhattan,0.8811320626005964,"[0 1 1 1 1 2 1 1 0 1 3 0 1 1 1 1 0 1 3 0 1 3 4 1 4 1 4 1 1 0 1 1 0 1 3 1 5
 1 1 1 1 5 0 2 5 1 0 0 5 1 1 4 6 5 1 1 1 1 1 3 0 3 1 0 5 2 1 5 0 1 5 1 0 2
 2 1 0 6 4 1 6 1 1 1 5 1 1 0 6 0 2 1 1 1 1 3 6 0 1 4 1 1 5 1 1 6 1 3 1 1 3
 1 1 1 1 1 0 1 1 1 1 1 1 4 5 1 1 1 5 1 1 1 5 1 1 5 2 1 1 0 1 0 0 1 1 0 0 1
 1 1 1 0 6 0 2 3 2 1 6 1 1 0 2 1 2 5 6 1 3 1 1 5 4 0 1 3 5 6 5 2 6 1 5 1 5
 0 3 1 1 6 1 5 5 4 1 1 1 1 3 5 3 1 1 4 3 5 2 2 2 1 1 2 1 0 3 1 1 4 2 5 1 1
 5 3 0 4 6 5 0 1 5 1 3 1 1 5 0 1 6 1 1 1 1 0 1 1 0 1 1 1 0 1 1 1 1 1 0 1 1
 0 1 1 3 3 1 4 1 3 0 6 0 1 1 1 0 6 6 0 1 0 0 5 0 0 3 1 5 0 1 2 0 1 0 6 0 1
 2 1 3 0 1 1 1 3 1 1 0 3 5 1 2 1 1 5 2 5 3 1 1 5 1 1 0 1 1 1 0 1 1 5 4 1 1
 0 3 1 1 4 2 1 6 0 6 1 0 1 1 1 6 2 1 1 1 2 1 1 3 1 0 0 1 0 1 4 5 1 1 1 6 1
 5 5 1 1 0 1 3 0 1 1 0 3 6 6 3 1 1 5 1 2 5 1 5 1 3 3 5 1 1 1 0 1 0 2 3 1 6
 2 6 5 1 1 0 5 1 1 5 6 2 4 0 2 5 4 1 5 1 5 1 6 1 5 5 1 3 1 6 0 6 0 5 0 1 1
 2 1 1 6 0 0 1 1 4 6 1 5 1 1 1 1 1 1 6 2 1 1 1 1 4 1 0 2 5 0 3 1 5 0 6 1 1
 0 5 2 1 5 3 0 3 1 5 4 1 5 5 1 1 0 0 1 4 1 0 1 1 5 0 0 0 2 0 1 1 1 0 1 0 1
 1 1 1 3 4 2 1 5 2 6 1 0 1 1 1 1 0 1 2 4 1 1 1 5 5 0 3 0 4 1 6 0 0 1 5 1 4
 1 3 0 3 5 3 1 4 6 5 1 1 1 6 0 6 1 1 5 1 0 1 0 5 1 3 1 1 1 1 1 0 6 1 3 5 1
 1 1 1 1 2 3 2 6 4 5 1 0 1 1 4 1 0 0 2 3 1 3 6 1 1 3 1 1 1 5 3 0 1 1 0 1 6
 1 5 1 6 6 1 1 0 3 3 1 1 0 0 0 1 1 1 1 5 1 6 1 3 2 1 0 5 3 4 1 1 1 0 1 1 1
 5 1 5 0 1 0 6 0 6 1 1 1 4 1 0 2 3 6 1 5 0 1 1 1 2 5 0 1 5 1 1 5 2 3 6 5 1
 0 1 4 6 1 1 0 2 1 0 1 1 5 2 1 3 1 1 1 5 0 3 5 1 3 1 0 1 1 6 1 5 5 6 1 3 3
 5 0 0 3 5 1 5 5 0 5 1 1 1 2 1 0 1 6 1 3 5 1 1 2 2 4 1 3 1 1 1 1 1 1 6 2 1
 1 3 6 3 3 3 1 1 1 1 1 1 1 0 1 1 6 6 1 1 2 6 1 3 3 3 5 0 1 1 2 1 1 0 1 1 0
 0 1 0 1 5 1 0 1 1 5 1 3 0 1 5 6 1 1 4 1 3 1 1 2 5 5 2 6 0 5 1 2 1 5 2 0 0
 5 1 4 1 0 6 2 5 0 0 1 0 5 1 6 3 0 1 6 5 1 2 1 5 2 1 5 6 4 1 4 1 5 3 1 1 1
 2 1 2 5 3 5 1 5 1 3 6 1 4 3 5 1 1 2 1 1 0 3 1 1 1 1 2 1 6 3 5 0 4 1 1 6 0
 1 1 1 1 1 3 0 1 5 0 1 0 0 0 1 1 0 0 0 5 3 3 1 2 5 1 1 1 0 0 0 3 1 6 0 1 1
 6 1 2 0 5 1 1 1 1 2 6 1 1 1 1 1 1 1 1 1 1 1 5 5 5 3 6 2 0 1 1 1 0 1 1 6 4
 1]"
dbscan,5,,,,,0.13109282254456697,25,0.01,correlation,2,0.8976515592515593,0.4399949831687003,6.0,chebyshev,0.8405256090040403,"[0 1 1 1 1 2 1 1 0 1 0 0 1 1 1 1 0 1 0 0 1 0 3 1 3 1 3 1 1 0 1 1 0 1 0 1 4
 1 1 1 1 4 0 2 4 1 0 0 4 1 1 3 2 4 1 1 1 1 1 0 0 0 1 0 4 2 1 4 0 1 4 1 0 2
 2 1 0 2 3 1 2 1 1 1 4 1 1 0 2 0 2 1 1 1 1 0 2 0 1 3 1 1 4 1 1 2 1 0 1 1 0
 1 1 1 1 1 0 1 1 1 1 1 1 3 4 1 1 1 4 1 1 1 4 1 1 4 2 1 1 0 1 0 0 1 1 0 0 1
 1 1 1 0 2 0 2 0 2 4 2 1 1 0 2 1 2 4 2 1 0 1 1 4 3 0 1 0 4 2 4 2 2 1 4 1 4
 0 0 1 1 2 1 4 4 3 1 1 1 1 0 4 0 1 1 3 0 4 2 2 2 1 1 2 1 0 0 1 1 3 2 4 1 1
 4 0 0 3 2 4 0 1 4 1 0 1 1 4 0 1 2 1 1 1 1 0 1 1 0 1 1 1 0 1 1 1 1 1 0 1 1
 0 1 1 0 0 1 3 1 0 0 2 0 1 1 1 0 2 2 0 1 0 0 4 0 0 0 1 4 0 1 2 0 1 0 2 0 1
 2 1 0 0 1 1 1 0 1 1 0 0 4 1 2 1 1 4 2 4 0 1 1 4 1 1 0 1 1 1 0 1 1 4 3 1 1
 0 0 1 1 3 2 1 2 0 2 1 0 1 1 1 2 2 1 1 1 2 1 1 0 1 0 0 1 0 1 3 4 1 1 1 2 1
 4 4 1 1 0 1 0 0 1 1 4 0 2 2 0 1 1 4 1 2 4 1 4 1 0 0 4 1 1 1 0 1 0 2 0 1 2
 2 2 4 1 1 0 4 1 1 4 2 2 3 0 2 4 3 1 4 1 4 1 2 1 4 4 1 0 1 2 0 2 0 4 0 1 1
 2 1 1 2 0 0 1 1 3 2 1 4 1 1 1 1 1 1 2 2 1 1 1 1 3 1 0 2 4 0 0 1 4 0 2 1 1
 0 4 2 1 4 0 0 0 1 4 3 1 4 4 1 1 0 0 1 3 1 0 1 1 4 0 0 0 2 0 1 1 1 0 1 0 1
 1 1 1 0 3 2 4 4 2 2 1 0 1 1 1 1 0 4 2 3 1 1 1 4 4 0 0 0 3 1 2 0 0 1 4 1 3
 1 0 0 0 4 0 1 3 2 4 1 1 1 2 0 2 1 1 4 1 0 1 0 4 1 0 1 1 1 1 1 0 2 1 0 4 1
 1 1 1 1 2 0 2 2 3 4 1 0 1 1 3 1 0 0 2 0 1 0 2 1 1 0 1 1 1 4 0 0 1 1 0 1 2
 1 4 1 2 2 1 1 0 0 0 1 1 0 0 0 1 1 1 1 4 1 2 1 0 2 1 0 4 0 3 1 1 1 0 1 1 1
 4 1 4 0 1 0 2 0 2 1 1 1 3 1 0 2 0 2 1 4 0 1 1 1 2 4 0 1 4 1 1 4 2 0 2 4 1
 0 1 3 2 1 1 0 2 1 0 1 1 4 2 1 0 1 1 1 4 0 0 4 1 0 1 0 1 1 2 1 4 4 2 1 0 0
 4 0 0 0 4 1 4 4 0 4 1 1 1 2 1 0 1 2 1 0 4 1 4 2 2 3 1 0 1 1 1 1 1 1 2 2 1
 1 0 2 0 0 0 1 1 1 1 1 1 1 0 1 1 2 2 1 1 2 2 1 0 0 0 4 0 1 1 2 1 1 0 1 1 0
 0 1 0 1 4 1 0 1 1 4 1 0 0 1 4 2 1 1 3 1 0 1 1 2 4 4 2 2 0 4 1 2 1 4 2 0 0
 4 1 3 1 0 2 2 4 0 0 1 0 4 1 2 0 0 1 2 4 1 2 1 4 2 1 4 2 3 1 3 1 4 0 1 1 1
 2 1 2 4 0 4 1 4 1 0 2 1 3 0 4 1 1 2 1 1 0 0 1 1 1 1 2 1 2 0 4 0 3 1 1 2 0
 1 1 1 1 1 0 0 1 4 0 1 0 0 0 1 1 0 0 0 4 0 0 1 2 4 1 1 1 0 0 0 0 1 2 0 1 1
 2 1 2 0 4 1 1 1 1 2 2 1 1 1 1 1 1 1 1 1 1 1 4 4 4 0 2 2 0 1 4 1 0 1 1 2 3
 1]"
dbscan,3,,,,,0.08244785302575122,25,0.01,cosine,2,0.901597130977131,0.1671679583455455,6.0,cosine,0.9844153877936607,"[0 0 0 0 0 1 0 0 0 0 0 0 0 0 0 0 0 0 0 0 0 0 2 0 2 0 2 0 0 0 0 0 0 0 0 0 0
 0 0 0 0 0 0 1 0 0 0 0 0 0 0 2 1 0 0 0 0 0 0 0 0 0 0 0 0 1 0 0 0 0 0 0 0 1
 1 0 0 1 2 0 1 0 0 0 0 0 0 0 1 0 1 0 0 0 0 0 1 0 0 2 0 0 0 0 0 1 0 0 0 0 0
 0 0 0 0 0 0 0 0 0 0 0 0 2 0 0 0 0 0 0 0 0 0 0 0 0 1 0 0 0 0 0 0 0 0 0 0 0
 0 0 0 0 1 0 1 0 1 0 1 0 0 0 1 0 1 0 1 0 0 0 0 0 2 0 0 0 0 1 0 1 1 0 0 0 0
 0 0 0 0 1 0 0 0 2 0 0 0 0 0 0 0 0 0 2 0 0 1 1 1 0 0 1 0 0 0 0 0 2 1 0 0 0
 0 0 0 2 1 0 0 0 0 0 0 0 0 0 0 0 1 0 0 0 0 0 0 0 0 0 0 0 0 0 0 0 0 0 0 0 0
 0 0 0 0 0 0 2 0 0 0 1 0 0 0 0 0 1 1 0 0 0 0 0 0 0 0 0 0 0 0 1 0 0 0 1 0 0
 1 0 0 0 0 0 0 0 0 0 0 0 0 0 1 0 0 0 1 0 0 0 0 0 0 0 0 0 0 0 0 0 0 0 2 0 0
 0 0 0 0 2 1 0 1 0 1 0 0 0 0 0 1 1 0 0 0 1 0 0 0 0 0 0 0 0 0 2 0 0 0 0 1 0
 0 0 0 0 0 0 0 0 0 0 0 0 1 1 0 0 0 0 0 1 0 0 0 0 0 0 0 0 0 0 0 0 0 1 0 0 1
 1 1 0 0 0 0 0 0 0 0 1 1 2 0 1 0 2 0 0 0 0 0 1 0 0 0 0 0 0 1 0 1 0 0 0 0 0
 1 0 0 1 0 0 0 0 2 1 0 0 0 0 0 0 0 0 1 1 0 0 0 0 2 0 0 1 0 0 0 0 0 0 1 0 0
 0 0 1 0 0 0 0 0 0 0 2 0 0 0 0 0 0 0 0 2 0 0 0 0 0 0 0 0 1 0 0 0 0 0 0 0 0
 0 0 0 0 2 1 0 0 1 1 0 0 0 0 0 0 0 0 1 2 0 0 0 0 0 0 0 0 2 0 1 0 0 0 0 0 2
 0 0 0 0 0 0 0 2 1 0 0 0 0 1 0 1 0 0 0 0 0 0 0 0 0 0 0 0 0 0 0 0 1 0 0 0 0
 0 0 0 0 1 0 1 1 2 0 0 0 0 0 2 0 0 0 1 0 0 0 1 0 0 0 0 0 0 0 0 0 0 0 0 0 1
 0 0 0 1 1 0 0 0 0 0 0 0 0 0 0 0 0 0 0 0 0 1 0 0 1 0 0 0 0 2 0 0 0 0 0 0 0
 0 0 0 0 0 0 1 0 1 0 0 0 2 0 0 1 0 1 0 0 0 0 0 0 1 0 0 0 0 0 0 0 1 0 1 0 0
 0 0 2 1 0 0 0 1 0 0 0 0 0 1 0 0 0 0 0 0 0 0 0 0 0 0 0 0 0 1 0 0 0 1 0 0 0
 0 0 0 0 0 0 0 0 0 0 0 0 0 1 0 0 0 1 0 0 0 0 0 1 1 2 0 0 0 0 0 0 0 0 1 1 0
 0 0 1 0 0 0 0 0 0 0 0 0 0 0 0 0 1 1 0 0 1 1 0 0 0 0 0 0 0 0 1 0 0 0 0 0 0
 0 0 0 0 0 0 0 0 0 0 0 0 0 0 0 1 0 0 2 0 0 0 0 1 0 0 1 1 0 0 0 1 0 0 1 0 0
 0 0 2 0 0 1 1 0 0 0 0 0 0 0 1 0 0 0 1 0 0 1 0 0 1 0 0 1 2 0 2 0 0 0 0 0 0
 1 0 1 0 0 0 0 0 0 0 1 0 2 0 0 0 0 1 0 0 0 0 0 0 0 0 1 0 1 0 0 0 2 0 0 1 0
 0 0 0 0 0 0 0 0 0 0 0 0 0 0 0 0 0 0 0 0 0 0 0 1 0 0 0 0 0 0 0 0 0 1 0 0 0
 1 0 1 0 0 0 0 0 0 1 1 0 0 0 0 0 0 0 0 0 0 0 0 0 0 0 1 1 0 0 0 0 0 0 0 1 2
 0]"
dbscan,5,,,,,0.1258688779890924,50,0.01,correlation,2,0.9012540400216333,0.4326952907098127,6.0,euclidean,0.8364886875709189,"[ 0  1  1  1  1  2  1  1  0  1  0  0  1  1  1  1  0  1  0  0  1  0  3  1
  3  1  3  1  1  0  1  1  0  1  0  1  4  1  1  1  1  4  0  2  4  1  0  0
  4  1  1  3  2  4  1  1  1  1  1  0  0  0  1  0  4  2  1  4  0  1  4  1
  0  2  2  1  0  2  3  1  2  1  1  1  4  1  1  0  2  0  2  1  1  1  1  0
  2  0  1  3  1  1  4  1  1  2  1  0  1  1  0  1  1  1  1  1  0  1  1  1
  1  1  1  3  4  1  1  1  4  1  1  1  4  1  1  4  2  1  1  0  1  0  0  1
  1  0  0  1  1  1  1  0  2  0  2  0  2  4  2  1  1  0  2  1  2  4  2  1
  0  1  1  4  3  0  1  0  4  2  4  2  2  1  4  1  4  0  0  1  1  2  1  4
  4  3  1  1  1  1  0  4  0  1  1  3  0  4  2  2  2  1  1  2  1  0  0  1
  1  3  2  4  1  1  4  0  0  3  2  4  0  1  4  1  0  1  1  4  0  1  2  1
  1  1  1  0  1  1  0  1  1  1  0  1  1  1  1  1  0  1  1  0  1  1  0  0
  1  3  1  0  0  2  0  1  1  1  0  2  2  0  1  0  0  4  0  0  0  1  4  0
  1  2  0  1  0  2  0  1  2  1  0  0  1  1  1  0  1  1  0  0  4  1  2  1
  1  4  2  4  0  1  1  4  1  1  0  1  1  1  0  1  1  4  3  1  1  0  0  1
  1  3  2  1  2  0  2  1  0  1  1  1  2  2  1  1  1  2  1  1  0  1  0  0
  1  0  1  3  4  1  1  1  2  1  4  4  1  1  0  1  0  0  1  1  4  0  2  2
  0  1  1  4  1  2  4  1  4  1  0  0  4  1  1  1  0  1  0  2  0  1  2  2
  2 -1  1  1  0  4  1  1  4  2  2  3  0  2  4  3  1  4  1  4  1  2  1  4
  4  1  0  1  2  0  2  0  4  0  1  1  2  1  1  2  0  0  1  1  3  2  1  4
  1  1  1  1  1  1  2  2  1  1  1  1  3  1  0  2  4  0  0  1  4  0  2  1
  1  0  4  2  1  4  0  0  0  1  4  3  1  4  4  1  1  0  0  1  3  1  0  1
  1  4  0  0  0  2  0  1  1  1  0  1  0  1  1  1  1  0  3  2  4  4  2  2
  1  0  1  1  1  1  0  4  2  3  1  1  1  4  4  0  0  0  3  1  2  0  0  1
  4  1  3  1  0  0  0  4  0  1  3  2  4  1  1  1  2  0  2  1  1  4  1  0
  1  0  4  1  0  1  1  1  1  1  0  2  1  0  4  1  1  1  1  1  2  0  2  2
  3  4  1  0  1  1  3  1  0  0  2  0  1  0  2  1  1  0  1  1  1  4  0  0
  1  1  0  1  2  1  4  1  2  2  1  1  0  0  0  1  1  0  0  0  1  1  1  1
  4  1  2  1  0  2  1  0  4  0  3  1  1  1  0  1  1  1  4  1  4  0  1  0
  2  0  2  1  1  1  3  1  0  2  0  2  1  4  0  1  1  1  2  4  0  1  0  1
  1  4  2  0  2  4  1  0  1  3  2  1  1  0  2  1  0  1  1  4  2  1  0  1
  1  1  4  0  0  4  1  0  1  0  1  1  2  1  4  4  2  1  0  0  4  0  0  0
  4  1  4  4  0  4  1  1  1  2  1  0  1  2  1  0  4  1 -1  2  2  3  1  0
  1  1  1  1  1  1  2  2  1  1  0  2  0  0  0  1  1  1  1  1  1  1  0  1
  1  2  2  1  1  2  0  1  0  0  0  4  0  1  1  2  1  1  0  1  1  0  0  1
  0  1  4  1  0  1  1  4  1  0  0  1  4  2  1  1  3  1  0  1  1  2  4  4
  2  2  0  4  1  2  1  4  2  0  0  4  1  3  1  0  2  2  4  0  0  1  0  4
  1  2  0  0  1  2  4  1  2  1  4  2  1  4  2  3  1  3  1  4  0  1  1  1
  2  1  2  4  0  4  1  4  1  0  2  1  3  0  4  1  1  2  1  1  0  0  1  1
  1  1  2  1  2  0  4  0  3  1  1  2  0  1  1  1  1  1  0  0  1  4  0  1
  0  0  0  1  1  0  0  0  4  0  0  1  2  4  1  1  1  0  0  0  0  1  2  0
  1  1  2  1  2  0  4  1  1  1  1  2  2  1  1  1  1  1  1  1  1  1  1  1
  4  4  4  0  2  2  0  1  4  1  0  1  1  2  3  1]"
dbscan,5,,,,,0.04127052736555513,50,0.01,cosine,2,0.8974228231476474,0.2790453212165027,6.0,chebyshev,0.9787205419186511,"[0 1 1 1 1 2 1 1 0 1 0 0 1 1 1 1 0 1 0 0 1 0 3 1 3 1 3 1 1 0 1 1 0 1 0 1 4
 1 1 1 1 4 0 2 4 1 0 0 4 1 1 3 2 4 1 1 1 1 1 0 0 0 1 0 4 2 1 4 0 1 4 1 0 2
 2 1 0 2 3 1 2 1 1 1 4 1 1 0 2 0 2 1 1 1 1 0 2 0 1 3 1 1 4 1 1 2 1 0 1 1 0
 1 1 1 1 1 0 1 1 1 1 1 1 3 4 1 1 1 4 1 1 1 4 1 1 4 2 1 1 0 1 0 0 1 1 0 0 1
 1 1 1 0 2 0 2 0 2 4 2 1 1 0 2 1 2 4 2 1 0 1 1 4 3 0 1 0 4 2 4 2 2 1 4 1 4
 0 0 1 1 2 1 4 4 3 1 1 1 1 0 4 0 1 1 3 0 0 2 2 2 1 1 2 1 0 0 1 1 3 2 4 1 1
 4 0 0 3 2 4 0 1 4 1 0 1 1 4 0 1 2 1 1 1 1 0 1 1 0 1 1 1 0 1 1 1 1 1 0 1 1
 0 1 1 0 0 1 3 1 0 0 2 0 1 1 1 0 2 2 0 1 0 0 4 0 0 0 1 4 0 1 2 0 1 0 2 0 1
 2 1 0 0 1 1 1 0 1 1 0 0 4 1 2 1 1 4 2 4 0 1 1 4 1 1 0 1 1 1 0 1 1 4 3 1 1
 0 0 1 1 3 2 1 2 0 2 1 0 1 1 1 2 2 1 1 1 2 1 1 0 1 0 0 1 0 1 3 4 1 1 1 2 1
 4 4 1 1 0 1 0 0 1 1 0 0 2 2 0 1 1 4 1 2 4 1 4 1 0 0 4 1 1 1 0 1 0 2 0 1 2
 2 2 4 1 1 0 4 1 1 4 2 2 3 0 2 4 3 1 4 1 4 1 2 1 4 4 1 0 1 2 0 2 0 4 0 1 1
 2 1 1 2 0 0 1 1 3 2 1 4 1 1 1 1 1 1 2 2 1 1 1 1 3 1 0 2 4 0 0 1 4 0 2 1 1
 0 4 2 1 4 0 0 0 1 4 3 1 4 4 1 1 0 0 1 3 1 0 1 1 4 0 0 0 2 0 1 1 1 0 1 0 1
 1 1 1 0 3 2 4 4 2 2 1 0 1 1 1 1 0 4 2 3 1 1 1 4 4 0 0 0 3 1 2 0 0 1 4 1 3
 1 0 0 0 4 0 1 3 2 4 1 1 1 2 0 2 1 1 4 1 0 1 0 4 1 0 1 1 1 1 1 0 2 1 0 4 1
 1 1 1 1 2 0 2 2 3 4 1 0 1 1 3 1 0 4 2 0 1 0 2 1 1 0 1 1 1 4 0 0 1 1 0 1 2
 1 4 1 2 2 1 1 0 0 0 1 1 0 0 0 1 1 1 1 4 1 2 1 0 2 1 0 4 0 3 1 1 1 0 1 1 1
 4 1 4 0 1 0 2 0 2 1 1 1 3 1 0 2 0 2 1 4 0 1 1 1 2 4 0 1 0 1 1 4 2 0 2 4 1
 0 1 3 2 1 1 0 2 1 0 1 1 4 2 1 0 1 1 1 4 0 0 4 1 0 1 0 1 1 2 1 4 4 2 1 0 0
 4 0 0 0 4 1 4 4 0 4 1 1 1 2 1 0 1 2 1 0 4 1 0 2 2 3 1 0 1 1 1 1 1 1 2 2 1
 1 0 2 0 0 0 1 1 1 1 1 1 1 0 1 1 2 2 1 1 2 2 1 0 0 0 4 0 1 1 2 1 1 0 1 1 0
 0 1 0 1 4 1 0 1 1 4 1 0 0 1 4 2 1 1 3 1 0 1 1 2 4 4 2 2 0 4 1 2 1 4 2 0 0
 4 1 3 1 0 2 2 4 0 0 1 0 4 1 2 0 0 1 2 4 1 2 1 4 2 1 4 2 3 1 3 1 4 0 1 1 1
 2 1 2 4 0 4 1 4 1 0 2 1 3 0 4 1 1 2 1 1 0 0 1 1 1 1 2 1 2 0 4 0 3 1 1 2 0
 1 1 1 1 1 0 0 1 4 0 1 0 0 0 1 1 0 0 0 4 0 0 1 2 4 1 1 1 0 0 0 0 1 2 0 1 1
 2 1 2 0 4 1 1 1 1 2 2 1 1 1 1 1 1 1 1 1 1 1 4 4 4 0 2 2 0 1 1 1 0 1 1 2 3
 1]"
dbscan,5,,,,,0.1337448074587192,100,0.01,correlation,2,0.9098238375515009,0.305920389699626,6.0,euclidean,0.869799474523443,"[0 1 1 1 1 2 1 1 0 1 0 0 1 1 1 1 0 1 0 0 1 0 3 1 3 1 3 1 1 0 1 1 0 1 0 1 4
 1 1 1 1 4 0 2 4 1 0 0 4 1 1 3 2 4 1 1 1 1 1 0 0 0 1 0 4 2 1 4 0 1 4 1 0 2
 2 1 0 2 3 1 2 1 1 1 4 1 1 0 2 0 2 1 1 1 1 0 2 0 1 3 1 1 4 1 1 2 1 0 1 1 0
 1 1 1 1 1 0 1 1 1 1 1 1 3 4 1 1 1 4 1 1 1 4 1 1 4 2 1 1 0 1 0 0 1 1 0 0 1
 1 1 1 0 2 0 2 0 2 4 2 1 1 0 2 1 2 4 2 1 0 1 1 4 3 0 1 0 4 2 4 2 2 1 4 1 4
 0 0 1 1 2 1 4 4 3 1 1 1 1 0 4 0 1 1 3 0 4 2 2 2 1 1 2 1 0 0 1 1 3 2 4 1 1
 4 0 0 3 2 4 0 1 4 1 0 1 1 4 0 1 2 1 1 1 1 0 1 1 0 1 1 1 0 1 1 1 1 1 0 1 1
 0 1 1 0 0 1 3 1 0 0 2 0 1 1 1 0 2 2 0 1 0 0 4 0 0 0 1 4 0 1 2 0 1 0 2 0 1
 2 1 0 0 1 1 1 0 1 1 0 0 4 1 2 1 1 4 2 4 0 1 1 4 1 1 0 1 1 1 0 1 1 4 3 1 1
 0 0 1 1 3 2 1 2 0 2 1 0 1 1 1 2 2 1 1 1 2 1 1 0 1 0 0 1 0 1 3 4 1 1 1 2 1
 4 4 1 1 0 1 0 0 1 1 4 0 2 2 0 1 1 4 1 2 4 1 4 1 0 0 4 1 1 1 0 1 0 2 0 1 2
 2 2 0 1 1 0 4 1 1 4 2 2 3 0 2 4 3 1 4 1 4 1 2 1 4 4 1 0 1 2 0 2 0 4 0 1 1
 2 1 1 2 0 0 1 1 3 2 1 4 1 1 1 1 1 1 2 2 1 1 1 1 3 1 0 2 4 0 0 1 4 0 2 1 1
 0 4 2 1 4 0 0 0 1 4 3 1 4 4 1 1 0 0 1 3 1 0 1 1 4 0 0 0 2 0 1 1 1 0 1 0 1
 1 1 1 0 3 2 4 4 2 2 1 0 1 1 1 1 0 4 2 3 1 1 1 4 4 0 0 0 3 1 2 0 0 1 4 1 3
 1 0 0 0 4 0 1 3 2 4 1 1 1 2 0 2 1 1 4 1 0 1 0 4 1 0 1 1 1 1 1 0 2 1 0 4 1
 1 1 1 1 2 0 2 2 3 4 1 0 1 1 3 1 0 0 2 0 1 0 2 1 1 0 1 1 1 4 0 0 1 1 0 1 2
 1 4 1 2 2 1 1 0 0 0 1 1 0 0 0 1 1 1 1 4 1 2 1 0 2 1 0 4 0 3 1 1 1 0 1 1 1
 4 1 4 0 1 0 2 0 2 1 1 1 3 1 0 2 0 2 1 4 0 1 1 1 2 4 0 1 0 1 1 4 2 0 2 4 1
 0 1 3 2 1 1 0 2 1 0 1 1 4 2 1 0 1 1 1 4 0 0 4 1 0 1 0 1 1 2 1 4 4 2 1 0 0
 4 0 0 0 4 1 4 4 0 4 1 1 1 2 1 0 1 2 1 0 4 1 0 2 2 3 1 0 1 1 1 1 1 1 2 2 1
 1 0 2 0 0 0 1 1 1 1 1 1 1 0 1 1 2 2 1 1 2 0 1 0 0 0 4 0 1 1 2 1 1 0 1 1 0
 0 1 0 1 4 1 0 1 1 4 1 0 0 1 4 2 1 1 3 1 0 1 1 2 4 4 2 2 0 4 1 2 1 4 2 0 0
 4 1 3 1 0 2 2 4 0 0 1 0 4 1 2 0 0 1 2 4 1 2 1 4 2 1 4 2 3 1 3 1 4 0 1 1 1
 2 1 2 4 0 4 1 4 1 0 2 1 3 0 4 1 1 2 1 1 0 0 1 1 1 1 2 1 2 0 4 0 3 1 1 2 0
 1 1 1 1 1 0 0 1 4 0 1 0 0 0 1 1 0 0 0 4 0 0 1 2 4 1 1 1 0 0 0 0 1 2 0 1 1
 2 1 2 0 4 1 1 1 1 2 2 1 1 1 1 1 1 1 1 1 1 1 4 4 4 0 2 2 0 1 1 1 0 1 1 2 3
 1]"
dbscan,4,,,,,0.05338087881238733,100,0.01,cosine,2,0.8938409652736904,0.21481320998981523,5.0,cosine,0.9879443536993064,"[0 1 1 1 1 2 1 1 0 1 0 0 1 1 1 1 0 1 0 0 1 0 3 1 3 1 3 1 1 0 1 1 0 1 0 1 0
 1 1 1 1 0 0 2 0 1 0 0 0 1 1 3 2 0 1 1 1 1 1 0 0 0 1 0 0 2 1 0 0 1 0 1 0 2
 2 1 0 2 3 1 2 1 1 1 0 1 1 0 2 0 2 1 1 1 1 0 2 0 1 3 1 1 0 1 1 2 1 0 1 1 0
 1 1 1 1 1 0 1 1 1 1 1 1 3 0 1 1 1 0 1 1 1 0 1 1 0 2 1 1 0 1 0 0 1 1 0 0 1
 1 1 1 0 2 0 2 0 2 0 2 1 1 0 2 1 2 0 2 1 0 1 1 0 3 0 1 0 0 2 0 2 2 1 0 1 0
 0 0 1 1 2 1 0 0 3 1 1 1 1 0 0 0 1 1 3 0 0 2 2 2 1 1 2 1 0 0 1 1 3 2 0 1 1
 0 0 0 3 2 0 0 1 0 1 0 1 1 0 0 1 2 1 1 1 1 0 1 1 0 1 1 1 0 1 1 1 1 1 0 1 1
 0 1 1 0 0 1 3 1 0 0 2 0 1 1 1 0 2 2 0 1 0 0 0 0 0 0 1 0 0 1 2 0 1 0 2 0 1
 2 1 0 0 1 1 1 0 1 1 0 0 0 1 2 1 1 0 2 0 0 1 1 0 1 1 0 1 1 1 0 1 1 0 3 1 1
 0 0 1 1 3 2 1 2 0 2 1 0 1 1 1 2 2 1 1 1 2 1 1 0 1 0 0 1 0 1 3 0 1 1 1 2 1
 0 0 1 1 0 1 0 0 1 1 0 0 2 2 0 1 1 0 1 2 0 1 0 1 0 0 0 1 1 1 0 1 0 2 0 1 2
 2 2 0 1 1 0 0 1 1 0 2 2 3 0 2 0 3 1 0 1 0 1 2 1 0 0 1 0 1 2 0 2 0 0 0 1 1
 2 1 1 2 0 0 1 1 3 2 1 0 1 1 1 1 1 1 2 2 1 1 1 1 3 1 0 2 0 0 0 1 0 0 2 1 1
 0 0 2 1 0 0 0 0 1 0 3 1 0 0 1 1 0 0 1 3 1 0 1 1 0 0 0 0 2 0 1 1 1 0 1 0 1
 1 1 1 0 3 2 0 0 2 2 1 0 1 1 1 1 0 0 2 3 1 1 1 0 0 0 0 0 3 1 2 0 0 1 0 1 3
 1 0 0 0 0 0 1 3 2 0 1 1 1 2 0 2 1 1 0 1 0 1 0 0 1 0 1 1 1 1 1 0 2 1 0 0 1
 1 1 1 1 2 0 2 2 3 0 1 0 1 1 3 1 0 0 2 0 1 0 2 1 1 0 1 1 1 0 0 0 1 1 0 1 2
 1 0 1 2 2 1 1 0 0 0 1 1 0 0 0 1 1 1 1 0 1 2 1 0 2 1 0 0 0 3 1 1 1 0 1 1 1
 0 1 0 0 1 0 2 0 2 1 1 1 3 1 0 2 0 2 1 0 0 1 1 1 2 0 0 1 0 1 1 0 2 0 2 0 1
 0 1 3 2 1 1 0 2 1 0 1 1 0 2 1 0 1 1 1 0 0 0 0 1 0 1 0 1 1 2 1 0 0 2 1 0 0
 0 0 0 0 0 1 0 0 0 0 1 1 1 2 1 0 1 2 1 0 0 1 0 2 2 3 1 0 1 1 1 1 1 1 2 2 1
 1 0 2 0 0 0 1 1 1 1 1 1 1 0 1 1 2 2 1 1 2 2 1 0 0 0 0 0 1 1 2 1 1 0 1 1 0
 0 1 0 1 0 1 0 1 1 0 1 0 0 1 0 2 1 1 3 1 0 1 1 2 0 0 2 2 0 0 1 2 1 0 2 0 0
 0 1 3 1 0 2 2 0 0 0 1 0 0 1 2 0 0 1 2 0 1 2 1 0 2 1 0 2 3 1 3 1 0 0 1 1 1
 2 1 2 0 0 0 1 0 1 0 2 1 3 0 0 1 1 2 1 1 0 0 1 1 1 1 2 1 2 0 0 0 3 1 1 2 0
 1 1 1 1 1 0 0 1 0 0 1 0 0 0 1 1 0 0 0 0 0 0 1 2 0 1 1 1 0 0 0 0 1 2 0 1 1
 2 1 2 0 0 1 1 1 1 2 2 1 1 1 1 1 1 1 1 1 1 1 0 0 0 0 2 2 0 1 1 1 0 1 1 2 3
 1]"
dbscan,2,,,,,0.13793456790468853,200,0.01,correlation,2,0.8668586061472481,0.19733993325900592,6.0,cosine,0.8899178927963383,"[0 0 0 0 0 0 0 0 0 0 0 0 0 0 0 0 0 0 0 0 0 0 1 0 1 0 1 0 0 0 0 0 0 0 0 0 0
 0 0 0 0 0 0 0 0 0 0 0 0 0 0 1 0 0 0 0 0 0 0 0 0 0 0 0 0 0 0 0 0 0 0 0 0 0
 0 0 0 0 1 0 0 0 0 0 0 0 0 0 0 0 0 0 0 0 0 0 0 0 0 1 0 0 0 0 0 0 0 0 0 0 0
 0 0 0 0 0 0 0 0 0 0 0 0 1 0 0 0 0 0 0 0 0 0 0 0 0 0 0 0 0 0 0 0 0 0 0 0 0
 0 0 0 0 0 0 0 0 0 0 0 0 0 0 0 0 0 0 0 0 0 0 0 0 1 0 0 0 0 0 0 0 0 0 0 0 0
 0 0 0 0 0 0 0 0 1 0 0 0 0 0 0 0 0 0 1 0 0 0 0 0 0 0 0 0 0 0 0 0 1 0 0 0 0
 0 0 0 1 0 0 0 0 0 0 0 0 0 0 0 0 0 0 0 0 0 0 0 0 0 0 0 0 0 0 0 0 0 0 0 0 0
 0 0 0 0 0 0 1 0 0 0 0 0 0 0 0 0 0 0 0 0 0 0 0 0 0 0 0 0 0 0 0 0 0 0 0 0 0
 0 0 0 0 0 0 0 0 0 0 0 0 0 0 0 0 0 0 0 0 0 0 0 0 0 0 0 0 0 0 0 0 0 0 1 0 0
 0 0 0 0 1 0 0 0 0 0 0 0 0 0 0 0 0 0 0 0 0 0 0 0 0 0 0 0 0 0 1 0 0 0 0 0 0
 0 0 0 0 0 0 0 0 0 0 0 0 0 0 0 0 0 0 0 0 0 0 0 0 0 0 0 0 0 0 0 0 0 0 0 0 0
 0 0 0 0 0 0 0 0 0 0 0 0 1 0 0 0 1 0 0 0 0 0 0 0 0 0 0 0 0 0 0 0 0 0 0 0 0
 0 0 0 0 0 0 0 0 1 0 0 0 0 0 0 0 0 0 0 0 0 0 0 0 1 0 0 0 0 0 0 0 0 0 0 0 0
 0 0 0 0 0 0 0 0 0 0 1 0 0 0 0 0 0 0 0 1 0 0 0 0 0 0 0 0 0 0 0 0 0 0 0 0 0
 0 0 0 0 1 0 0 0 0 0 0 0 0 0 0 0 0 0 0 1 0 0 0 0 0 0 0 0 1 0 0 0 0 0 0 0 1
 0 0 0 0 0 0 0 1 0 0 0 0 0 0 0 0 0 0 0 0 0 0 0 0 0 0 0 0 0 0 0 0 0 0 0 0 0
 0 0 0 0 0 0 0 0 1 0 0 0 0 0 1 0 0 0 0 0 0 0 0 0 0 0 0 0 0 0 0 0 0 0 0 0 0
 0 0 0 0 0 0 0 0 0 0 0 0 0 0 0 0 0 0 0 0 0 0 0 0 0 0 0 0 0 1 0 0 0 0 0 0 0
 0 0 0 0 0 0 0 0 0 0 0 0 1 0 0 0 0 0 0 0 0 0 0 0 0 0 0 0 0 0 0 0 0 0 0 0 0
 0 0 1 0 0 0 0 0 0 0 0 0 0 0 0 0 0 0 0 0 0 0 0 0 0 0 0 0 0 0 0 0 0 0 0 0 0
 0 0 0 0 0 0 0 0 0 0 0 0 0 0 0 0 0 0 0 0 0 0 0 0 0 1 0 0 0 0 0 0 0 0 0 0 0
 0 0 0 0 0 0 0 0 0 0 0 0 0 0 0 0 0 0 0 0 0 0 0 0 0 0 0 0 0 0 0 0 0 0 0 0 0
 0 0 0 0 0 0 0 0 0 0 0 0 0 0 0 0 0 0 1 0 0 0 0 0 0 0 0 0 0 0 0 0 0 0 0 0 0
 0 0 1 0 0 0 0 0 0 0 0 0 0 0 0 0 0 0 0 0 0 0 0 0 0 0 0 0 1 0 1 0 0 0 0 0 0
 0 0 0 0 0 0 0 0 0 0 0 0 1 0 0 0 0 0 0 0 0 0 0 0 0 0 0 0 0 0 0 0 1 0 0 0 0
 0 0 0 0 0 0 0 0 0 0 0 0 0 0 0 0 0 0 0 0 0 0 0 0 0 0 0 0 0 0 0 0 0 0 0 0 0
 0 0 0 0 0 0 0 0 0 0 0 0 0 0 0 0 0 0 0 0 0 0 0 0 0 0 0 0 0 0 0 0 0 0 0 0 1
 0]"
dbscan,5,,,,,0.09148135846383545,200,0.01,cosine,2,0.908570128663331,0.44428692132189973,6.0,manhattan,0.9532881452407976,"[ 0  1  1  1  1  2  1  1  0  1  0  0  1  1  1  1  0  1  0  0  1  0  3  1
  3  1  3  1  1  0  1  1  0  1  0  1  4  1  1  1  1  4  0  2  4  1  0  0
  4  1  1  3  2  4  1  1  1  1  1  0  0  0  1  0  4  2  1  4  0  1  4  1
  0  2  2  1  0  2  3  1  2  1  1  1  4  1  1  0  2  0  2  1  1  1  1  0
  2  0  1  3  1  1  4  1  1  2  1  0  1  1  0  1  1  1  1  1  0  1  1  1
  1  1  1  3  4 -1  1  1  4  1  1  1  4  1  1  4  2  1  1  0  1  0  0  1
  1  0  0  1  1  1  1  0  2  0  2  0  2  4  2  1  1  0  2  1  2  4  2  1
  0  1  1  4  3  0  1  0  4  2  4  2  2  1  4  1  4  0  0  1  1  2  1  4
  4  3  1  1  1  1  0  4  0  1  1  3  0  0  2  2  2  1  1  2  1  0  0  1
  1  3  2  4  1  1  4  0  0  3  2  4  0  1  4  1  0  1  1  4  0  1  2  1
  1  1  1  0  1  1  0  1  1  1  0  1  1  1  1  1  0  1  1  0  1  1  0  0
  1  3  1  0  0  2  0  1  1  1  0  2  2  0 -1  0  0  4  0  0  0  1  4  0
  1  2  0  1  0  2  0  1  2  1  0  0  1  1  1  0  1  1  0  0  4  1  2  1
  1  4  2  4  0  1  1  4  1  1  0  1  1  1  0  1  1  4  3  1  1  0  0  1
  1  3  2  1  2  0  2  1  0  1  1  1  2  2  1  1  1  2  1  1  0  1  0  0
  1  0  1  3  4  1  1  1  2  1  4  4  1  1  0  1  0  0  1  1  0  0  2  2
  0  1  1  4  1  2  4  1  4  1  0  0  4  1  1  1  0  1  0  2  0  1  2  2
  2  0  1  1  0  4  1  1  4  2  2  3  0  2  4  3  1  4  1  4  1  2  1  4
  4  1  0  1  2  0  2  0  4  0  1  1  2  1  1  2  0  0  1  1  3  2  1  4
  1  1  1  1  1  1  2  2  1  1  1  1  3  1  0  2  4  0  0  1  4  0  2  1
  1  0  4  2  1  4  0  0  0  1  4  3  1  4  4  1 -1  0  0  1  3  1  0  1
  1  4  0  0  0  2  0  1  1  1  0  1  0  1  1  1  1  0  3  2  4  4  2  2
  1  0  1  1  1  1  0  4  2  3  1  1  1  4  4  0  0  0  3  1  2  0  0  1
  4  1  3  1  0  0  0  4  0  1  3  2  4  1  1  1  2  0  2  1  1  4  1  0
  1  0  4  1  0  1  1  1  1  1  0  2  1  0  4  1  1  1  1  1  2  0  2  2
  3  4  1  0  1 -1  3  1  0  4  2  0  1  0  2  1  1  0  1  1  1  4  0  0
  1  1  0  1  2  1  4 -1  2  2  1  1  0  0  0  1  1  0  0  0  1  1  1  1
  4  1  2  1  0  2  1  0  4  0  3  1  1  1  0  1  1  1  4  1  4  0  1  0
  2  0  2  1  1  1  3  1  0  2  0  2  1  4  0  1  1  1  2  4  0  1  0  1
  1  4  2  0  2  4  1  0  1  3  2  1  1  0  2  1  0  1  1  4  2  1  0  1
  1  1  4  0  0  4  1  0 -1  0  1  1  2  1  4  4  2  1  0  0  4  0  0  0
  4  1  4  4  0  4  1  1  1  2  1  0  1  2  1  0  4  1  0  2  2  3  1  0
  1  1  1  1  1  1  2  2  1  1  0  2  0  0  0  1  1  1  1  1  1  1  0  1
  1  2  2  1  1  2  2  1  0  0  0  4  0  1  1  2  1  1  0  1  1  0  0  1
  0  1  4  1  0  1  1  4  1  0  0  1  4  2  1  1  3  1  0  1  1  2  4  4
  2  2  0  4  1  2  1  4  2  0  0  4  1  3  1  0  2  2  4  0  0  1  0  4
  1  2  0  0  1  2  4  1  2  1  4  2  1  4  2  3  1  3  1  4  0  1  1  1
  2  1  2  4  0  4  1  4  1  0  2  1  3  0  4  1  1  2  1  1  0  0  1  1
  1  1  2  1  2  0  4  0  3  1  1  2  0  1  1  1  1  1  0  0  1  4  0  1
  0  0  0  1  1  0  0  0  4  0  0  1  2  4  1  1  1  0  0  0  0  1  2  0
 -1  1  2  1  2  0  4  1  1  1  1  2  2  1  1  1  1 -1  1  1  1  1  1  1
  4  4  4  0  2  2  0  1 -1 -1  0  1  1  2  3  1]"
dbscan,5,,,,,0.16513583756161945,10,0.1,correlation,2,0.9016734382935501,0.5820528264596507,6.0,minkowski,0.813250170727845,"[0 1 1 1 1 2 1 1 0 1 0 0 1 1 1 1 0 1 0 0 1 0 3 1 3 1 3 1 1 0 1 1 0 1 0 1 4
 1 1 1 1 4 0 2 4 1 0 0 4 1 1 3 2 4 1 1 1 1 1 0 0 0 1 0 4 2 1 4 0 1 4 1 0 2
 2 1 0 2 3 1 2 1 1 1 4 1 1 0 2 0 2 1 1 1 1 0 2 0 1 3 1 1 4 1 1 2 1 0 1 1 0
 1 1 1 1 1 0 1 1 1 1 1 1 3 4 1 1 1 4 1 1 1 4 1 1 4 2 1 1 0 1 0 0 1 1 0 0 1
 1 1 1 0 2 0 2 0 2 4 2 1 1 0 2 1 2 4 2 1 0 1 1 4 3 0 1 0 4 2 4 2 2 1 4 1 4
 0 0 1 1 2 1 4 4 3 1 1 1 1 0 4 0 1 1 3 0 4 2 2 2 1 1 2 1 0 0 1 1 3 2 4 1 1
 4 0 0 3 2 4 0 1 4 1 0 1 1 4 0 1 2 1 1 1 1 0 1 1 0 1 1 1 0 1 1 1 1 1 0 1 1
 0 1 1 0 0 1 3 1 0 0 2 0 1 1 1 0 2 2 0 1 0 0 4 0 0 0 1 4 0 1 2 0 1 0 2 0 1
 2 1 0 0 1 1 1 0 1 1 0 0 4 1 2 1 1 4 2 4 0 1 1 4 1 1 0 1 1 1 0 1 1 4 3 1 1
 0 0 1 1 3 2 1 2 0 2 1 0 1 1 1 2 2 1 1 1 2 1 1 0 1 0 0 1 0 1 3 4 1 1 1 2 1
 4 4 1 1 0 1 0 0 1 1 4 0 2 2 0 1 1 4 1 2 4 1 4 1 0 0 4 1 1 1 0 1 0 2 0 1 2
 2 2 4 1 1 0 4 1 1 4 2 2 3 0 2 4 3 1 4 1 4 1 2 1 4 4 1 0 1 2 0 2 0 4 0 1 1
 2 1 1 2 0 0 1 1 3 2 1 4 1 1 1 1 1 1 2 2 1 1 1 1 3 1 0 2 4 0 0 1 4 0 2 1 1
 0 4 2 1 4 0 0 0 1 4 3 1 4 4 1 1 0 0 1 3 1 0 1 1 4 0 0 0 2 0 1 1 1 0 1 0 1
 1 1 1 0 3 2 4 4 2 2 1 0 1 1 1 1 0 4 2 3 1 1 1 4 4 0 0 0 3 1 2 0 0 1 4 1 3
 1 0 0 0 4 0 1 3 2 4 1 1 1 2 0 2 1 1 4 1 0 1 0 4 1 0 1 1 1 1 1 0 2 1 0 4 1
 1 1 1 1 2 0 2 2 3 4 1 0 1 1 3 1 0 0 2 0 1 0 2 1 1 0 1 1 1 4 0 0 1 1 0 1 2
 1 4 1 2 2 1 1 0 0 0 1 1 0 0 0 1 1 1 1 4 1 2 1 0 2 1 0 4 0 3 1 1 1 0 1 1 1
 4 1 4 0 1 0 2 0 2 1 1 1 3 1 0 2 0 2 1 4 0 1 1 1 2 4 0 1 4 1 1 4 2 0 2 4 1
 0 1 3 2 1 1 0 2 1 0 1 1 4 2 1 0 1 1 1 4 0 0 4 1 0 1 0 1 1 2 1 4 4 2 1 0 0
 4 0 0 0 4 1 4 4 0 4 1 1 1 2 1 0 1 2 1 0 4 1 4 2 2 3 1 0 1 1 1 1 1 1 2 2 1
 1 0 2 0 0 0 1 1 1 1 1 1 1 0 1 1 2 2 1 1 2 2 1 0 0 0 4 0 1 1 2 1 1 0 1 1 0
 0 1 0 1 4 1 0 1 1 4 1 0 0 1 4 2 1 1 3 1 0 1 1 2 4 4 2 2 0 4 1 2 1 4 2 0 0
 4 1 3 1 0 2 2 4 0 0 1 0 4 1 2 0 0 1 2 4 1 2 1 4 2 1 4 2 3 1 3 1 4 0 1 1 1
 2 1 2 4 0 4 1 4 1 0 2 1 3 0 4 1 1 2 1 1 0 0 1 1 1 1 2 1 2 0 4 0 3 1 1 2 0
 1 1 1 1 1 0 0 1 4 0 1 0 0 0 1 1 0 0 0 4 0 0 1 2 4 1 1 1 0 0 0 0 1 2 0 1 1
 2 1 2 0 4 1 1 1 1 2 2 1 1 1 1 1 1 1 1 1 1 1 4 4 4 0 2 2 0 1 4 1 0 1 1 2 3
 1]"
dbscan,2,,,,,0.1507034397827657,10,0.1,cosine,2,0.8964584052818689,0.22665601600907445,6.0,cosine,0.9886129445415,"[0 0 0 0 0 1 0 0 0 0 0 0 0 0 0 0 0 0 0 0 0 0 0 0 0 0 0 0 0 0 0 0 0 0 0 0 0
 0 0 0 0 0 0 1 0 0 0 0 0 0 0 0 1 0 0 0 0 0 0 0 0 0 0 0 0 1 0 0 0 0 0 0 0 1
 1 0 0 1 0 0 1 0 0 0 0 0 0 0 1 0 1 0 0 0 0 0 1 0 0 0 0 0 0 0 0 1 0 0 0 0 0
 0 0 0 0 0 0 0 0 0 0 0 0 0 0 0 0 0 0 0 0 0 0 0 0 0 1 0 0 0 0 0 0 0 0 0 0 0
 0 0 0 0 1 0 1 0 1 0 1 0 0 0 1 0 1 0 1 0 0 0 0 0 0 0 0 0 0 1 0 1 1 0 0 0 0
 0 0 0 0 1 0 0 0 0 0 0 0 0 0 0 0 0 0 0 0 0 1 1 1 0 0 1 0 0 0 0 0 0 1 0 0 0
 0 0 0 0 1 0 0 0 0 0 0 0 0 0 0 0 1 0 0 0 0 0 0 0 0 0 0 0 0 0 0 0 0 0 0 0 0
 0 0 0 0 0 0 0 0 0 0 1 0 0 0 0 0 1 1 0 0 0 0 0 0 0 0 0 0 0 0 1 0 0 0 1 0 0
 1 0 0 0 0 0 0 0 0 0 0 0 0 0 1 0 0 0 1 0 0 0 0 0 0 0 0 0 0 0 0 0 0 0 0 0 0
 0 0 0 0 0 1 0 1 0 1 0 0 0 0 0 1 1 0 0 0 1 0 0 0 0 0 0 0 0 0 0 0 0 0 0 1 0
 0 0 0 0 0 0 0 0 0 0 0 0 1 1 0 0 0 0 0 1 0 0 0 0 0 0 0 0 0 0 0 0 0 1 0 0 1
 1 1 0 0 0 0 0 0 0 0 1 1 0 0 1 0 0 0 0 0 0 0 1 0 0 0 0 0 0 1 0 1 0 0 0 0 0
 1 0 0 1 0 0 0 0 0 1 0 0 0 0 0 0 0 0 1 1 0 0 0 0 0 0 0 1 0 0 0 0 0 0 1 0 0
 0 0 1 0 0 0 0 0 0 0 0 0 0 0 0 0 0 0 0 0 0 0 0 0 0 0 0 0 1 0 0 0 0 0 0 0 0
 0 0 0 0 0 1 0 0 1 1 0 0 0 0 0 0 0 0 1 0 0 0 0 0 0 0 0 0 0 0 1 0 0 0 0 0 0
 0 0 0 0 0 0 0 0 1 0 0 0 0 1 0 1 0 0 0 0 0 0 0 0 0 0 0 0 0 0 0 0 1 0 0 0 0
 0 0 0 0 1 0 1 1 0 0 0 0 0 0 0 0 0 0 1 0 0 0 1 0 0 0 0 0 0 0 0 0 0 0 0 0 1
 0 0 0 1 1 0 0 0 0 0 0 0 0 0 0 0 0 0 0 0 0 1 0 0 1 0 0 0 0 0 0 0 0 0 0 0 0
 0 0 0 0 0 0 1 0 1 0 0 0 0 0 0 1 0 1 0 0 0 0 0 0 1 0 0 0 0 0 0 0 1 0 1 0 0
 0 0 0 1 0 0 0 1 0 0 0 0 0 1 0 0 0 0 0 0 0 0 0 0 0 0 0 0 0 1 0 0 0 1 0 0 0
 0 0 0 0 0 0 0 0 0 0 0 0 0 1 0 0 0 1 0 0 0 0 0 1 1 0 0 0 0 0 0 0 0 0 1 1 0
 0 0 1 0 0 0 0 0 0 0 0 0 0 0 0 0 1 1 0 0 1 1 0 0 0 0 0 0 0 0 1 0 0 0 0 0 0
 0 0 0 0 0 0 0 0 0 0 0 0 0 0 0 1 0 0 0 0 0 0 0 1 0 0 1 1 0 0 0 1 0 0 1 0 0
 0 0 0 0 0 1 1 0 0 0 0 0 0 0 1 0 0 0 1 0 0 1 0 0 1 0 0 1 0 0 0 0 0 0 0 0 0
 1 0 1 0 0 0 0 0 0 0 1 0 0 0 0 0 0 1 0 0 0 0 0 0 0 0 1 0 1 0 0 0 0 0 0 1 0
 0 0 0 0 0 0 0 0 0 0 0 0 0 0 0 0 0 0 0 0 0 0 0 1 0 0 0 0 0 0 0 0 0 1 0 0 0
 1 0 1 0 0 0 0 0 0 1 1 0 0 0 0 0 0 0 0 0 0 0 0 0 0 0 1 1 0 0 0 0 0 0 0 1 0
 0]"
dbscan,5,,,,,0.16341464153554916,25,0.1,correlation,2,0.89856079002079,0.5219960910129268,6.0,minkowski,0.7799466861363493,"[ 0  1  1  1  1  2  1  1  0  1  0  0  1  1  1  1  0  1  0  0  1  0  3  1
  3  1  3  1  1  0  1  1  0  1  0  1  4  1  1  1  1  4  0  2  4  1  0  0
  4  1  1  3  2  4  1  1  1  1  1  0  0  0  1  0  4  2  1  4  0  1  4  1
  0  2  2  1  0  2  3  1  2  1  1  1  4  1  1  0  2  0  2  1  1  1  1  0
  2  0  1  3  1  1  4  1  1  2  1  0  1  1  0  1  1  1  1  1  0  1  1  1
  1  1  1  3  4  1  1  1  4  1  1  1  4  1  1  4  2  1  1  0  1  0  0  1
  1  0  0  1  1  1  1  0  2  0  2  0  2  4  2  1  1  0  2  1  2  4  2  1
  0  1  1  4  3  0  1  0  4  2  4  2  2  1  4  1  4  0  0  1  1  2  1  4
  4  3  1  1  1  1  0  4  0  1  1  3  0  4  2  2  2  1  1  2  1  0  0  1
  1  3  2  4  1  1  4  0  0  3  2  4  0  1  4  1  0  1  1  4  0  1  2  1
  1  1  1  0  1  1  0  1  1  1  0  1  1  1  1  1  0  1  1  0  1  1  0  0
  1  3  1  0  0  2  0  1  1  1  0  2  2  0  1  0  0  4  0  0  0  1  4  0
  1  2  0  1  0  2  0  1  2  1  0  0  1  1  1  0  1  1  0  0  4  1  2  1
  1  4  2  4  0  1  1  4  1  1  0  1  1  1  0  1  1  4  3  1  1  0  0  1
  1  3  2  1  2  0  2  1  0  1  1  1  2  2  1  1  1  2  1  1  0  1  0  0
  1  0  1  3  4  1  1  1  2  1  4  4  1  1  0  1  0  0  1  1  4  0  2  2
  0  1  1  4  1  2  4  1  4  1  0  0  4  1  1  1  0  1  0  2  0  1  2  2
  2  4  1  1  0  4  1  1  4  2  2  3  0  2  4  3  1  4  1  4  1  2  1  4
  4  1  0  1  2  0  2  0  4  0  1  1  2  1  1  2  0  0  1  1  3  2  1  4
  1  1  1  1  1  1  2  2  1  1  1  1  3  1  0  2  4  0  0  1  4  0  2  1
  1  0  4  2  1  4  0  0  0  1  4  3  1  4  4  1  1  0  0  1  3  1  0  1
  1  4  0  0  0  2  0  1  1  1  0  1  0  1  1  1  1  0  3  2  4  4  2  2
  1  0  1  1  1  1  0  4  2  3  1  1  1  4  4  0  0  0  3  1  2  0  0  1
  4  1  3  1  0  0  0  4  0  1  3  2  4  1  1  1  2  0  2  1  1  4  1  0
  1  0  4  1  0  1  1  1  1  1  0  2  1  0  4  1  1  1  1  1  2  0  2  2
  3  4  1  0  1  1  3  1  0  0  2  0  1  0  2  1  1  0  1  1  1  4  0  0
  1  1  0  1  2  1  4  4  2  2  1  1  0  0  0  1  1  0  0  0  1  1  1  1
  4  1  2  1  0  2  1  0  4  0  3  1  1  1  0  1  1  1  4  1  4  0  1  0
  2  0  2  1  1  1  3  1  0  2  0  2  1  4  0  1  1  1  2  4  0  1 -1  1
  1  4  2  0  2  4  1  0  1  3  2  1  1  0  2  1  0  1  1  4  2  1  0  1
  1  1  4  0  0  4  1  0  1  0  1  1  2  1  4  4  2  1  0  0  4  0  0  0
  4  1  4  4  0  4  1  1  1  2  1  0  1  2  1  0  4  1  4  2  2  3  1  0
  1  1  1  1  1  1  2  2  1  1  0  2  0  0  0  1  1  1  1  1  1  1  0  1
  1  2  2  1  1  2  0  1  0  0  0  4  0  1  1  2  1  1  0  1  1  0  0  1
  0  1  4  1  0  1  1  4  1  0  0  1  4  2  1  1  3  1  0  1  1  2  4  4
  2  2  0  4  1  2  1  4  2  0  0  4  1  3  1  0  2  2  4  0  0  1  0  4
  1  2  0  0  1  2  4  1  2  1  4  2  1  4  2  3  1  3  1  4  0  1  1  1
  2  1  2  4  0  4  1  4  1  0  2  1  3  0  4  1  1  2  1  1  0  0  1  1
  1  1  2  1  2  0  4  0  3  1  1  2  0  1  1  1  1  1  0  0  1  4  0  1
  0  0  0  1  1  0  0  0  4  0  0  1  2  4  1  1  1  0  0  0  0  1  2  0
  1  1  2  1  2  0  4  1  1  1  1  2  2  1  1  1  1  1  1  1  1  1  1  1
  4  4  4  0  2  2  0  1  4  1  0  1  1  2  3  1]"
dbscan,3,,,,,0.11630614253723065,25,0.1,cosine,2,0.9035871517671518,0.20191069131735598,6.0,cosine,0.9864989369571883,"[0 0 0 0 0 1 0 0 0 0 0 0 0 0 0 0 0 0 0 0 0 0 2 0 2 0 2 0 0 0 0 0 0 0 0 0 0
 0 0 0 0 0 0 1 0 0 0 0 0 0 0 2 1 0 0 0 0 0 0 0 0 0 0 0 0 1 0 0 0 0 0 0 0 1
 1 0 0 1 2 0 1 0 0 0 0 0 0 0 1 0 1 0 0 0 0 0 1 0 0 2 0 0 0 0 0 1 0 0 0 0 0
 0 0 0 0 0 0 0 0 0 0 0 0 2 0 0 0 0 0 0 0 0 0 0 0 0 1 0 0 0 0 0 0 0 0 0 0 0
 0 0 0 0 1 0 1 0 1 0 1 0 0 0 1 0 1 0 1 0 0 0 0 0 2 0 0 0 0 1 0 1 1 0 0 0 0
 0 0 0 0 1 0 0 0 2 0 0 0 0 0 0 0 0 0 2 0 0 1 1 1 0 0 1 0 0 0 0 0 2 1 0 0 0
 0 0 0 2 1 0 0 0 0 0 0 0 0 0 0 0 1 0 0 0 0 0 0 0 0 0 0 0 0 0 0 0 0 0 0 0 0
 0 0 0 0 0 0 2 0 0 0 1 0 0 0 0 0 1 1 0 0 0 0 0 0 0 0 0 0 0 0 1 0 0 0 1 0 0
 1 0 0 0 0 0 0 0 0 0 0 0 0 0 1 0 0 0 1 0 0 0 0 0 0 0 0 0 0 0 0 0 0 0 2 0 0
 0 0 0 0 2 1 0 1 0 1 0 0 0 0 0 1 1 0 0 0 1 0 0 0 0 0 0 0 0 0 2 0 0 0 0 1 0
 0 0 0 0 0 0 0 0 0 0 0 0 1 1 0 0 0 0 0 1 0 0 0 0 0 0 0 0 0 0 0 0 0 1 0 0 1
 1 1 0 0 0 0 0 0 0 0 1 1 2 0 1 0 2 0 0 0 0 0 1 0 0 0 0 0 0 1 0 1 0 0 0 0 0
 1 0 0 1 0 0 0 0 2 1 0 0 0 0 0 0 0 0 1 1 0 0 0 0 2 0 0 1 0 0 0 0 0 0 1 0 0
 0 0 1 0 0 0 0 0 0 0 2 0 0 0 0 0 0 0 0 2 0 0 0 0 0 0 0 0 1 0 0 0 0 0 0 0 0
 0 0 0 0 2 1 0 0 1 1 0 0 0 0 0 0 0 0 1 2 0 0 0 0 0 0 0 0 2 0 1 0 0 0 0 0 2
 0 0 0 0 0 0 0 2 1 0 0 0 0 1 0 1 0 0 0 0 0 0 0 0 0 0 0 0 0 0 0 0 1 0 0 0 0
 0 0 0 0 1 0 1 1 2 0 0 0 0 0 2 0 0 0 1 0 0 0 1 0 0 0 0 0 0 0 0 0 0 0 0 0 1
 0 0 0 1 1 0 0 0 0 0 0 0 0 0 0 0 0 0 0 0 0 1 0 0 1 0 0 0 0 2 0 0 0 0 0 0 0
 0 0 0 0 0 0 1 0 1 0 0 0 2 0 0 1 0 1 0 0 0 0 0 0 1 0 0 0 0 0 0 0 1 0 1 0 0
 0 0 2 1 0 0 0 1 0 0 0 0 0 1 0 0 0 0 0 0 0 0 0 0 0 0 0 0 0 1 0 0 0 1 0 0 0
 0 0 0 0 0 0 0 0 0 0 0 0 0 1 0 0 0 1 0 0 0 0 0 1 1 2 0 0 0 0 0 0 0 0 1 1 0
 0 0 1 0 0 0 0 0 0 0 0 0 0 0 0 0 1 1 0 0 1 1 0 0 0 0 0 0 0 0 1 0 0 0 0 0 0
 0 0 0 0 0 0 0 0 0 0 0 0 0 0 0 1 0 0 2 0 0 0 0 1 0 0 1 1 0 0 0 1 0 0 1 0 0
 0 0 2 0 0 1 1 0 0 0 0 0 0 0 1 0 0 0 1 0 0 1 0 0 1 0 0 1 2 0 2 0 0 0 0 0 0
 1 0 1 0 0 0 0 0 0 0 1 0 2 0 0 0 0 1 0 0 0 0 0 0 0 0 1 0 1 0 0 0 2 0 0 1 0
 0 0 0 0 0 0 0 0 0 0 0 0 0 0 0 0 0 0 0 0 0 0 0 1 0 0 0 0 0 0 0 0 0 1 0 0 0
 1 0 1 0 0 0 0 0 0 1 1 0 0 0 0 0 0 0 0 0 0 0 0 0 0 0 1 1 0 0 0 0 0 0 0 1 2
 0]"
dbscan,4,,,,,0.1829551936902847,50,0.1,correlation,2,0.8964698972417523,0.5632021396316618,6.0,chebyshev,0.8576303994618942,"[0 1 1 1 1 2 1 1 0 1 0 0 1 1 1 1 0 1 0 0 1 0 3 1 3 1 3 1 1 0 1 1 0 1 0 1 0
 1 1 1 1 0 0 2 0 1 0 0 0 1 1 3 2 0 1 1 1 1 1 0 0 0 1 0 0 2 1 0 0 1 0 1 0 2
 2 1 0 2 3 1 2 1 1 1 0 1 1 0 2 0 2 1 1 1 1 0 2 0 1 3 1 1 0 1 1 2 1 0 1 1 0
 1 1 1 1 1 0 1 1 1 1 1 1 3 0 1 1 1 0 1 1 1 0 1 1 0 2 1 1 0 1 0 0 1 1 0 0 1
 1 1 1 0 2 0 2 0 2 0 2 1 1 0 2 1 2 0 2 1 0 1 1 0 3 0 1 0 0 2 0 2 2 1 0 1 0
 0 0 1 1 2 1 0 0 3 1 1 1 1 0 0 0 1 1 3 0 0 2 2 2 1 1 2 1 0 0 1 1 3 2 0 1 1
 0 0 0 3 2 0 0 1 0 1 0 1 1 0 0 1 2 1 1 1 1 0 1 1 0 1 1 1 0 1 1 1 1 1 0 1 1
 0 1 1 0 0 1 3 1 0 0 2 0 1 1 1 0 2 2 0 1 0 0 0 0 0 0 1 0 0 1 2 0 1 0 2 0 1
 2 1 0 0 1 1 1 0 1 1 0 0 0 1 2 1 1 0 2 0 0 1 1 0 1 1 0 1 1 1 0 1 1 0 3 1 1
 0 0 1 1 3 2 1 2 0 2 1 0 1 1 1 2 2 1 1 1 2 1 1 0 1 0 0 1 0 1 3 0 1 1 1 2 1
 0 0 1 1 0 1 0 0 1 1 0 0 2 2 0 1 1 0 1 2 0 1 0 1 0 0 0 1 1 1 0 1 0 2 0 1 2
 2 2 0 1 1 0 0 1 1 0 2 2 3 0 2 0 3 1 0 1 0 1 2 1 0 0 1 0 1 2 0 2 0 0 0 1 1
 2 1 1 2 0 0 1 1 3 2 1 0 1 1 1 1 1 1 2 2 1 1 1 1 3 1 0 2 0 0 0 1 0 0 2 1 1
 0 0 2 1 0 0 0 0 1 0 3 1 0 0 1 1 0 0 1 3 1 0 1 1 0 0 0 0 2 0 1 1 1 0 1 0 1
 1 1 1 0 3 2 0 0 2 2 1 0 1 1 1 1 0 0 2 3 1 1 1 0 0 0 0 0 3 1 2 0 0 1 0 1 3
 1 0 0 0 0 0 1 3 2 0 1 1 1 2 0 2 1 1 0 1 0 1 0 0 1 0 1 1 1 1 1 0 2 1 0 0 1
 1 1 1 1 2 0 2 2 3 0 1 0 1 1 3 1 0 0 2 0 1 0 2 1 1 0 1 1 1 0 0 0 1 1 0 1 2
 1 0 1 2 2 1 1 0 0 0 1 1 0 0 0 1 1 1 1 0 1 2 1 0 2 1 0 0 0 3 1 1 1 0 1 1 1
 0 1 0 0 1 0 2 0 2 1 1 1 3 1 0 2 0 2 1 0 0 1 1 1 2 0 0 1 0 1 1 0 2 0 2 0 1
 0 1 3 2 1 1 0 2 1 0 1 1 0 2 1 0 1 1 1 0 0 0 0 1 0 1 0 1 1 2 1 0 0 2 1 0 0
 0 0 0 0 0 1 0 0 0 0 1 1 1 2 1 0 1 2 1 0 0 1 0 2 2 3 1 0 1 1 1 1 1 1 2 2 1
 1 0 2 0 0 0 1 1 1 1 1 1 1 0 1 1 2 2 1 1 2 0 1 0 0 0 0 0 1 1 2 1 1 0 1 1 0
 0 1 0 1 0 1 0 1 1 0 1 0 0 1 0 2 1 1 3 1 0 1 1 2 0 0 2 2 0 0 1 2 1 0 2 0 0
 0 1 3 1 0 2 2 0 0 0 1 0 0 1 2 0 0 1 2 0 1 2 1 0 2 1 0 2 3 1 3 1 0 0 1 1 1
 2 1 2 0 0 0 1 0 1 0 2 1 3 0 0 1 1 2 1 1 0 0 1 1 1 1 2 1 2 0 0 0 3 1 1 2 0
 1 1 1 1 1 0 0 1 0 0 1 0 0 0 1 1 0 0 0 0 0 0 1 2 0 1 1 1 0 0 0 0 1 2 0 1 1
 2 1 2 0 0 1 1 1 1 2 2 1 1 1 1 1 1 1 1 1 1 1 0 0 0 0 2 2 0 1 0 1 0 1 1 2 3
 1]"
dbscan,5,,,,,0.06374413922622739,50,0.1,cosine,2,0.8897271606273661,0.3291243117644935,6.0,minkowski,0.9436124131603573,"[0 1 1 1 1 2 1 1 0 1 0 0 1 1 1 1 0 1 0 0 1 0 3 1 3 1 3 1 1 0 1 1 0 1 0 1 4
 1 1 1 1 4 0 2 4 1 0 0 4 1 1 3 2 4 1 1 1 1 1 0 0 0 1 0 4 2 1 4 0 1 4 1 0 2
 2 1 0 2 3 1 2 1 1 1 4 1 1 0 2 0 2 1 1 1 1 0 2 0 1 3 1 1 4 1 1 2 1 0 1 1 0
 1 1 1 1 1 0 1 1 1 1 1 1 3 4 1 1 1 4 1 1 1 4 1 1 4 2 1 1 0 1 0 0 1 1 0 0 1
 1 1 1 0 2 0 2 0 2 4 2 1 1 0 2 1 2 4 2 1 0 1 1 4 3 0 1 0 4 2 4 2 2 1 4 1 4
 0 0 1 1 2 1 4 4 3 1 1 1 1 0 4 0 1 1 3 0 0 2 2 2 1 1 2 1 0 0 1 1 3 2 4 1 1
 4 0 0 3 2 4 0 1 4 1 0 1 1 4 0 1 2 1 1 1 1 0 1 1 0 1 1 1 0 1 1 1 1 1 0 1 1
 0 1 1 0 0 1 3 1 0 0 2 0 1 1 1 0 2 2 0 1 0 0 4 0 0 0 1 4 0 1 2 0 1 0 2 0 1
 2 1 0 0 1 1 1 0 1 1 0 0 4 1 2 1 1 4 2 4 0 1 1 4 1 1 0 1 1 1 0 1 1 4 3 1 1
 0 0 1 1 3 2 1 2 0 2 1 0 1 1 1 2 2 1 1 1 2 1 1 0 1 0 0 1 0 1 3 4 1 1 1 2 1
 4 4 1 1 0 1 0 0 1 1 0 0 2 2 0 1 1 4 1 2 4 1 4 1 0 0 4 1 1 1 0 1 0 2 0 1 2
 2 2 4 1 1 0 4 1 1 4 2 2 3 0 2 4 3 1 4 1 4 1 2 1 4 4 1 0 1 2 0 2 0 4 0 1 1
 2 1 1 2 0 0 1 1 3 2 1 4 1 1 1 1 1 1 2 2 1 1 1 1 3 1 0 2 4 0 0 1 4 0 2 1 1
 0 4 2 1 4 0 0 0 1 4 3 1 4 4 1 1 0 0 1 3 1 0 1 1 4 0 0 0 2 0 1 1 1 0 1 0 1
 1 1 1 0 3 2 1 4 2 2 1 0 1 1 1 1 0 4 2 3 1 1 1 4 4 0 0 0 3 1 2 0 0 1 4 1 3
 1 0 0 0 4 0 1 3 2 4 1 1 1 2 0 2 1 1 4 1 0 1 0 4 1 0 1 1 1 1 1 0 2 1 0 4 1
 1 1 1 1 2 0 2 2 3 4 1 0 1 1 3 1 0 4 2 0 1 0 2 1 1 0 1 1 1 4 0 0 1 1 0 1 2
 1 4 1 2 2 1 1 0 0 0 1 1 0 0 0 1 1 1 1 4 1 2 1 0 2 1 0 4 0 3 1 1 1 0 1 1 1
 4 1 4 0 1 0 2 0 2 1 1 1 3 1 0 2 0 2 1 4 0 1 1 1 2 4 0 1 4 1 1 4 2 0 2 4 1
 0 1 3 2 1 1 0 2 1 0 1 1 4 2 1 0 1 1 1 4 0 0 4 1 0 1 0 1 1 2 1 4 4 2 1 0 0
 4 0 0 0 4 1 4 4 0 4 1 1 1 2 1 0 1 2 1 0 4 1 0 2 2 3 1 0 1 1 1 1 1 1 2 2 1
 1 0 2 0 0 0 1 1 1 1 1 1 1 0 1 1 2 2 1 1 2 2 1 0 0 0 4 0 1 1 2 1 1 0 1 1 0
 0 1 0 1 4 1 0 1 1 4 1 0 0 1 4 2 1 1 3 1 0 1 1 2 4 4 2 2 0 4 1 2 1 4 2 0 0
 4 1 3 1 0 2 2 4 0 0 1 0 4 1 2 0 0 1 2 4 1 2 1 4 2 1 4 2 3 1 3 1 4 0 1 1 1
 2 1 2 4 0 4 1 4 1 0 2 1 3 0 4 1 1 2 1 1 0 0 1 1 1 1 2 1 2 0 4 0 3 1 1 2 0
 1 1 1 1 1 0 0 1 4 0 1 0 0 0 1 1 0 0 0 4 0 0 1 2 4 1 1 1 0 0 0 0 1 2 0 1 1
 2 1 2 0 4 1 1 1 1 2 2 1 1 1 1 1 1 1 1 1 1 1 4 4 4 0 2 2 0 1 1 1 0 1 1 2 3
 1]"
dbscan,2,,,,,0.17283626734946,100,0.1,correlation,2,0.8978610947616245,0.2407366862815466,6.0,cosine,0.9046236761022888,"[0 0 0 0 0 0 0 0 0 0 0 0 0 0 0 0 0 0 0 0 0 0 1 0 1 0 1 0 0 0 0 0 0 0 0 0 0
 0 0 0 0 0 0 0 0 0 0 0 0 0 0 1 0 0 0 0 0 0 0 0 0 0 0 0 0 0 0 0 0 0 0 0 0 0
 0 0 0 0 1 0 0 0 0 0 0 0 0 0 0 0 0 0 0 0 0 0 0 0 0 1 0 0 0 0 0 0 0 0 0 0 0
 0 0 0 0 0 0 0 0 0 0 0 0 1 0 0 0 0 0 0 0 0 0 0 0 0 0 0 0 0 0 0 0 0 0 0 0 0
 0 0 0 0 0 0 0 0 0 0 0 0 0 0 0 0 0 0 0 0 0 0 0 0 1 0 0 0 0 0 0 0 0 0 0 0 0
 0 0 0 0 0 0 0 0 1 0 0 0 0 0 0 0 0 0 1 0 0 0 0 0 0 0 0 0 0 0 0 0 1 0 0 0 0
 0 0 0 1 0 0 0 0 0 0 0 0 0 0 0 0 0 0 0 0 0 0 0 0 0 0 0 0 0 0 0 0 0 0 0 0 0
 0 0 0 0 0 0 1 0 0 0 0 0 0 0 0 0 0 0 0 0 0 0 0 0 0 0 0 0 0 0 0 0 0 0 0 0 0
 0 0 0 0 0 0 0 0 0 0 0 0 0 0 0 0 0 0 0 0 0 0 0 0 0 0 0 0 0 0 0 0 0 0 1 0 0
 0 0 0 0 1 0 0 0 0 0 0 0 0 0 0 0 0 0 0 0 0 0 0 0 0 0 0 0 0 0 1 0 0 0 0 0 0
 0 0 0 0 0 0 0 0 0 0 0 0 0 0 0 0 0 0 0 0 0 0 0 0 0 0 0 0 0 0 0 0 0 0 0 0 0
 0 0 0 0 0 0 0 0 0 0 0 0 1 0 0 0 1 0 0 0 0 0 0 0 0 0 0 0 0 0 0 0 0 0 0 0 0
 0 0 0 0 0 0 0 0 1 0 0 0 0 0 0 0 0 0 0 0 0 0 0 0 1 0 0 0 0 0 0 0 0 0 0 0 0
 0 0 0 0 0 0 0 0 0 0 1 0 0 0 0 0 0 0 0 1 0 0 0 0 0 0 0 0 0 0 0 0 0 0 0 0 0
 0 0 0 0 1 0 0 0 0 0 0 0 0 0 0 0 0 0 0 1 0 0 0 0 0 0 0 0 1 0 0 0 0 0 0 0 1
 0 0 0 0 0 0 0 1 0 0 0 0 0 0 0 0 0 0 0 0 0 0 0 0 0 0 0 0 0 0 0 0 0 0 0 0 0
 0 0 0 0 0 0 0 0 1 0 0 0 0 0 1 0 0 0 0 0 0 0 0 0 0 0 0 0 0 0 0 0 0 0 0 0 0
 0 0 0 0 0 0 0 0 0 0 0 0 0 0 0 0 0 0 0 0 0 0 0 0 0 0 0 0 0 1 0 0 0 0 0 0 0
 0 0 0 0 0 0 0 0 0 0 0 0 1 0 0 0 0 0 0 0 0 0 0 0 0 0 0 0 0 0 0 0 0 0 0 0 0
 0 0 1 0 0 0 0 0 0 0 0 0 0 0 0 0 0 0 0 0 0 0 0 0 0 0 0 0 0 0 0 0 0 0 0 0 0
 0 0 0 0 0 0 0 0 0 0 0 0 0 0 0 0 0 0 0 0 0 0 0 0 0 1 0 0 0 0 0 0 0 0 0 0 0
 0 0 0 0 0 0 0 0 0 0 0 0 0 0 0 0 0 0 0 0 0 0 0 0 0 0 0 0 0 0 0 0 0 0 0 0 0
 0 0 0 0 0 0 0 0 0 0 0 0 0 0 0 0 0 0 1 0 0 0 0 0 0 0 0 0 0 0 0 0 0 0 0 0 0
 0 0 1 0 0 0 0 0 0 0 0 0 0 0 0 0 0 0 0 0 0 0 0 0 0 0 0 0 1 0 1 0 0 0 0 0 0
 0 0 0 0 0 0 0 0 0 0 0 0 1 0 0 0 0 0 0 0 0 0 0 0 0 0 0 0 0 0 0 0 1 0 0 0 0
 0 0 0 0 0 0 0 0 0 0 0 0 0 0 0 0 0 0 0 0 0 0 0 0 0 0 0 0 0 0 0 0 0 0 0 0 0
 0 0 0 0 0 0 0 0 0 0 0 0 0 0 0 0 0 0 0 0 0 0 0 0 0 0 0 0 0 0 0 0 0 0 0 0 1
 0]"
dbscan,2,,,,,0.08078070182496244,100,0.1,cosine,2,0.8916774808711007,0.23777605679200553,6.0,cosine,0.9133354018199243,"[0 0 0 0 0 0 0 0 0 0 0 0 0 0 0 0 0 0 0 0 0 0 1 0 1 0 1 0 0 0 0 0 0 0 0 0 0
 0 0 0 0 0 0 0 0 0 0 0 0 0 0 1 0 0 0 0 0 0 0 0 0 0 0 0 0 0 0 0 0 0 0 0 0 0
 0 0 0 0 1 0 0 0 0 0 0 0 0 0 0 0 0 0 0 0 0 0 0 0 0 1 0 0 0 0 0 0 0 0 0 0 0
 0 0 0 0 0 0 0 0 0 0 0 0 1 0 0 0 0 0 0 0 0 0 0 0 0 0 0 0 0 0 0 0 0 0 0 0 0
 0 0 0 0 0 0 0 0 0 0 0 0 0 0 0 0 0 0 0 0 0 0 0 0 1 0 0 0 0 0 0 0 0 0 0 0 0
 0 0 0 0 0 0 0 0 1 0 0 0 0 0 0 0 0 0 1 0 0 0 0 0 0 0 0 0 0 0 0 0 1 0 0 0 0
 0 0 0 1 0 0 0 0 0 0 0 0 0 0 0 0 0 0 0 0 0 0 0 0 0 0 0 0 0 0 0 0 0 0 0 0 0
 0 0 0 0 0 0 1 0 0 0 0 0 0 0 0 0 0 0 0 0 0 0 0 0 0 0 0 0 0 0 0 0 0 0 0 0 0
 0 0 0 0 0 0 0 0 0 0 0 0 0 0 0 0 0 0 0 0 0 0 0 0 0 0 0 0 0 0 0 0 0 0 1 0 0
 0 0 0 0 1 0 0 0 0 0 0 0 0 0 0 0 0 0 0 0 0 0 0 0 0 0 0 0 0 0 1 0 0 0 0 0 0
 0 0 0 0 0 0 0 0 0 0 0 0 0 0 0 0 0 0 0 0 0 0 0 0 0 0 0 0 0 0 0 0 0 0 0 0 0
 0 0 0 0 0 0 0 0 0 0 0 0 1 0 0 0 1 0 0 0 0 0 0 0 0 0 0 0 0 0 0 0 0 0 0 0 0
 0 0 0 0 0 0 0 0 1 0 0 0 0 0 0 0 0 0 0 0 0 0 0 0 1 0 0 0 0 0 0 0 0 0 0 0 0
 0 0 0 0 0 0 0 0 0 0 1 0 0 0 0 0 0 0 0 1 0 0 0 0 0 0 0 0 0 0 0 0 0 0 0 0 0
 0 0 0 0 1 0 0 0 0 0 0 0 0 0 0 0 0 0 0 1 0 0 0 0 0 0 0 0 1 0 0 0 0 0 0 0 1
 0 0 0 0 0 0 0 1 0 0 0 0 0 0 0 0 0 0 0 0 0 0 0 0 0 0 0 0 0 0 0 0 0 0 0 0 0
 0 0 0 0 0 0 0 0 1 0 0 0 0 0 1 0 0 0 0 0 0 0 0 0 0 0 0 0 0 0 0 0 0 0 0 0 0
 0 0 0 0 0 0 0 0 0 0 0 0 0 0 0 0 0 0 0 0 0 0 0 0 0 0 0 0 0 1 0 0 0 0 0 0 0
 0 0 0 0 0 0 0 0 0 0 0 0 1 0 0 0 0 0 0 0 0 0 0 0 0 0 0 0 0 0 0 0 0 0 0 0 0
 0 0 1 0 0 0 0 0 0 0 0 0 0 0 0 0 0 0 0 0 0 0 0 0 0 0 0 0 0 0 0 0 0 0 0 0 0
 0 0 0 0 0 0 0 0 0 0 0 0 0 0 0 0 0 0 0 0 0 0 0 0 0 1 0 0 0 0 0 0 0 0 0 0 0
 0 0 0 0 0 0 0 0 0 0 0 0 0 0 0 0 0 0 0 0 0 0 0 0 0 0 0 0 0 0 0 0 0 0 0 0 0
 0 0 0 0 0 0 0 0 0 0 0 0 0 0 0 0 0 0 1 0 0 0 0 0 0 0 0 0 0 0 0 0 0 0 0 0 0
 0 0 1 0 0 0 0 0 0 0 0 0 0 0 0 0 0 0 0 0 0 0 0 0 0 0 0 0 1 0 1 0 0 0 0 0 0
 0 0 0 0 0 0 0 0 0 0 0 0 1 0 0 0 0 0 0 0 0 0 0 0 0 0 0 0 0 0 0 0 1 0 0 0 0
 0 0 0 0 0 0 0 0 0 0 0 0 0 0 0 0 0 0 0 0 0 0 0 0 0 0 0 0 0 0 0 0 0 0 0 0 0
 0 0 0 0 0 0 0 0 0 0 0 0 0 0 0 0 0 0 0 0 0 0 0 0 0 0 0 0 0 0 0 0 0 0 0 0 1
 0]"
dbscan,2,,,,,0.17226885723642915,200,0.1,correlation,2,0.8693861329521086,0.22373135649613665,6.0,cosine,0.909069660314294,"[0 0 0 0 0 0 0 0 0 0 0 0 0 0 0 0 0 0 0 0 0 0 1 0 1 0 1 0 0 0 0 0 0 0 0 0 0
 0 0 0 0 0 0 0 0 0 0 0 0 0 0 1 0 0 0 0 0 0 0 0 0 0 0 0 0 0 0 0 0 0 0 0 0 0
 0 0 0 0 1 0 0 0 0 0 0 0 0 0 0 0 0 0 0 0 0 0 0 0 0 1 0 0 0 0 0 0 0 0 0 0 0
 0 0 0 0 0 0 0 0 0 0 0 0 1 0 0 0 0 0 0 0 0 0 0 0 0 0 0 0 0 0 0 0 0 0 0 0 0
 0 0 0 0 0 0 0 0 0 0 0 0 0 0 0 0 0 0 0 0 0 0 0 0 1 0 0 0 0 0 0 0 0 0 0 0 0
 0 0 0 0 0 0 0 0 1 0 0 0 0 0 0 0 0 0 1 0 0 0 0 0 0 0 0 0 0 0 0 0 1 0 0 0 0
 0 0 0 1 0 0 0 0 0 0 0 0 0 0 0 0 0 0 0 0 0 0 0 0 0 0 0 0 0 0 0 0 0 0 0 0 0
 0 0 0 0 0 0 1 0 0 0 0 0 0 0 0 0 0 0 0 0 0 0 0 0 0 0 0 0 0 0 0 0 0 0 0 0 0
 0 0 0 0 0 0 0 0 0 0 0 0 0 0 0 0 0 0 0 0 0 0 0 0 0 0 0 0 0 0 0 0 0 0 1 0 0
 0 0 0 0 1 0 0 0 0 0 0 0 0 0 0 0 0 0 0 0 0 0 0 0 0 0 0 0 0 0 1 0 0 0 0 0 0
 0 0 0 0 0 0 0 0 0 0 0 0 0 0 0 0 0 0 0 0 0 0 0 0 0 0 0 0 0 0 0 0 0 0 0 0 0
 0 0 0 0 0 0 0 0 0 0 0 0 1 0 0 0 1 0 0 0 0 0 0 0 0 0 0 0 0 0 0 0 0 0 0 0 0
 0 0 0 0 0 0 0 0 1 0 0 0 0 0 0 0 0 0 0 0 0 0 0 0 1 0 0 0 0 0 0 0 0 0 0 0 0
 0 0 0 0 0 0 0 0 0 0 1 0 0 0 0 0 0 0 0 1 0 0 0 0 0 0 0 0 0 0 0 0 0 0 0 0 0
 0 0 0 0 1 0 0 0 0 0 0 0 0 0 0 0 0 0 0 1 0 0 0 0 0 0 0 0 1 0 0 0 0 0 0 0 1
 0 0 0 0 0 0 0 1 0 0 0 0 0 0 0 0 0 0 0 0 0 0 0 0 0 0 0 0 0 0 0 0 0 0 0 0 0
 0 0 0 0 0 0 0 0 1 0 0 0 0 0 1 0 0 0 0 0 0 0 0 0 0 0 0 0 0 0 0 0 0 0 0 0 0
 0 0 0 0 0 0 0 0 0 0 0 0 0 0 0 0 0 0 0 0 0 0 0 0 0 0 0 0 0 1 0 0 0 0 0 0 0
 0 0 0 0 0 0 0 0 0 0 0 0 1 0 0 0 0 0 0 0 0 0 0 0 0 0 0 0 0 0 0 0 0 0 0 0 0
 0 0 1 0 0 0 0 0 0 0 0 0 0 0 0 0 0 0 0 0 0 0 0 0 0 0 0 0 0 0 0 0 0 0 0 0 0
 0 0 0 0 0 0 0 0 0 0 0 0 0 0 0 0 0 0 0 0 0 0 0 0 0 1 0 0 0 0 0 0 0 0 0 0 0
 0 0 0 0 0 0 0 0 0 0 0 0 0 0 0 0 0 0 0 0 0 0 0 0 0 0 0 0 0 0 0 0 0 0 0 0 0
 0 0 0 0 0 0 0 0 0 0 0 0 0 0 0 0 0 0 1 0 0 0 0 0 0 0 0 0 0 0 0 0 0 0 0 0 0
 0 0 1 0 0 0 0 0 0 0 0 0 0 0 0 0 0 0 0 0 0 0 0 0 0 0 0 0 1 0 1 0 0 0 0 0 0
 0 0 0 0 0 0 0 0 0 0 0 0 1 0 0 0 0 0 0 0 0 0 0 0 0 0 0 0 0 0 0 0 1 0 0 0 0
 0 0 0 0 0 0 0 0 0 0 0 0 0 0 0 0 0 0 0 0 0 0 0 0 0 0 0 0 0 0 0 0 0 0 0 0 0
 0 0 0 0 0 0 0 0 0 0 0 0 0 0 0 0 0 0 0 0 0 0 0 0 0 0 0 0 0 0 0 0 0 0 0 0 1
 0]"
dbscan,5,,,,,0.05120060664484874,200,0.1,cosine,2,0.8825685346676198,0.3991786508524439,6.0,chebyshev,0.9650271277522586,"[ 0  1  1  1  1  2  1  1  0  1  0  0  1  1  1  1  0  1  0  0  1  0  3  1
  3  1  3  1  1  0  1  1  0  1  0  1  4  1  1  1  1  4  0  2  4  1  0  0
  4  1  1  3  2  4  1  1  1  1  1  0  0  0  1  0  4  2  1  4  0  1  4  1
  0  2  2  1  0  2  3  1  2  1  1  1  4  1  1  0  2  0  2  1  1  1  1  0
  2  0  1  3  1  1  4  1  1  2  1  0  1  1  0  1  1  1  1  1  0  1  1  1
  1  1  1  3  4  1  1  1  4  1  1  1  4  1  1  4  2  1  1  0  1  0  0  1
  1  0  0  1  1  1  1  0  2  0  2  0  2  4  2  1  1  0  2  1  2  4  2  1
  0  1  1  4  3  0  1  0  4  2  4  2  2  1  4  1  4  0  0  1  1  2  1  4
  4  3  1  1  1  1  0  4  0  1  1  3  0  0  2  2  2  1  1  2  1  0  0  1
  1  3  2  4  1  1  4  0  0  3  2  4  0  1  4  1  0  1  1  4  0  1  2  1
  1  1  1  0  1  1  0  1  1  1  0  1  1  1  1  1  0  1  1  0  1  1  0  0
  1  3  1  0  0  2  0  1  1  1  0  2  2  0  1  0  0  4  0  0  0  1  4  0
  1  2  0  1  0  2  0  1  2  1  0  0  1  1  1  0  1  1  0  0  4  1  2  1
  1  4  2  4  0  1  1  4  1  1  0  1  1  1  0  1  1  4  3  1  1  0  0  1
  1  3  2  1  2  0  2  1  0  1  1  1  2  2  1  1  1  2  1  1  0  1  0  0
  1  0  1  3  4  1  1  1  2  1  4  4  1  1  0  1  0  0  1  1  0  0  2  2
  0  1  1  4  1  2  4  1  4  1  0  0  4  1  1  1  0  1  0  2  0  1  2  2
  2  0  1  1  0  4  1  1  4  2  2  3  0  2  4  3  1  4  1  4  1  2  1  4
  4  1  0  1  2  0  2  0  4  0  1  1  2  1  1  2  0  0  1  1  3  2  1  4
  1  1  1  1  1  1  2  2  1  1  1  1  3  1  0  2  4  0  0  1  4  0  2  1
  1  0  4  2  1  4  0  0  0  1  4  3  1  4  4  1  1  0  0  1  3  1  0  1
  1  4  0  0  0  2  0  1  1  1  0  1  0  1  1  1  1  0  3  2  4  4  2  2
  1  0  1  1  1  1  0  4  2  3  1  1  1  4  4  0  0  0  3  1  2  0  0  1
  4  1  3  1  0  0  0  4  0  1  3  2  4  1  1  1  2  0  2  1  1  4  1  0
  1  0  4  1  0  1  1  1  1  1  0  2  1  0  4  1  1  1  1  1  2  0  2  2
  3  4  1  0  1  1  3  1  0  0  2  0  1  0  2  1  1  0  1  1  1  4  0  0
  1  1  0  1  2  1  4 -1  2  2  1  1  0  0  0  1  1  0  0  0  1  1  1  1
  4  1  2  1  0  2  1  0  4  0  3  1  1  1  0  1  1  1  4  1  4  0  1  0
  2  0  2  1  1  1  3  1  0  2  0  2  1  4  0  1  1  1  2  4  0  1  0  1
  1  4  2  0  2  4  1  0  1  3  2  1  1  0  2  1  0  1  1  4  2  1  0  1
  1  1  4  0  0  4  1  0  1  0  1  1  2  1  4  4  2  1  0  0  4  0  0  0
  4  1  4  4  0  4  1  1  1  2  1  0  1  2  1  0  4  1  0  2  2  3  1  0
  1  1  1  1  1  1  2  2  1  1  0  2  0  0  0  1  1  1  1  1  1  1  0  1
  1  2  2  1  1  2  0  1  0  0  0  4  0  1  1  2  1  1  0  1  1  0  0  1
  0  1  4  1  0  1  1  4  1  0  0  1  4  2  1  1  3  1  0  1  1  2  4  4
  2  2  0  4  1  2  1  4  2  0  0  4  1  3  1  0  2  2  4  0  0  1  0  4
  1  2  0  0  1  2  4  1  2  1  4  2  1  4  2  3  1  3  1  4  0  1  1  1
  2  1  2  4  0  4  1  4  1  0  2  1  3  0  4  1  1  2  1  1  0  0  1  1
  1  1  2  1  2  0  4  0  3  1  1  2  0  1  1  1  1  1  0  0  1  4  0  1
  0  0  0  1  1  0  0  0  4  0  0  1  2  4  1  1  1  0  0  0  0  1  2  0
  1  1  2  1  2  0  4  1  1  1  1  2  2  1  1  1  1  1  1  1  1  1  1  1
  4  4  4  0  2  2  0  1  1  1  0  1  1  2  3  1]"
dbscan,4,,,,,0.30959389917676233,10,0.5,correlation,2,0.9020870492635856,0.9888398630865891,6.0,manhattan,0.5985736467027698,"[ 0  1  1  1  1  2  1  1  0  1  0  0  1  1  1  1  0  1  0  0  1  0  3  1
  3  1  3  1  1  0  1  1  0  1  0  1  0  1  1  1  1  0  0  2  0  1  0  0
  0  1  1  3  2  0  1  1  1  1  1  0  0  0  1  0  0  2  1  0  0  1  0  1
  0  2  2  1  0  2  3  1  2  1  1  1  0  1  1  0  2  0  2  1  1  1  1  0
  2  0  1  3  1  1  0  1  1  2  1  0  1  1  0  1  1  1  1  1  0  1  1  1
  1  1  1  3  0  1  1  1  0  1  1  1  0  1  1  0  2  1  1  0  1  0  0  1
  1  0  0  1  1  1  1  0  2  0  2  0  2  0  2  1  1  0  2  1  2  0  2  1
  0  1  1  0  3  0  1  0  0  2  0  2  2  1  0  1  0  0  0  1  1  2  1  0
  0  3  1  1  1  1  0  0  0  1  1  3  0  0  2  2  2  1  1  2  1  0  0  1
  1  3  2  0  1  1  0  0  0  3  2  0  0  1  0  1  0  1  1  0  0  1  2  1
  1  1  1  0  1  1  0  1  1  1  0  1  1  1  1  1  0  1  1  0  1  1  0  0
  1  3  1  0  0  2  0  1  1  1  0  2  2  0  1  0  0  0  0  0  0  1  0  0
  1  2  0  1  0  2  0  1  2  1  0  0  1  1  1  0  1  1  0  0  0  1  2  1
  1  0  2  0  0  1  1  0  1  1  0  1  1  1  0  1  1  0  3  1  1  0  0  1
  1  3  2  1  2  0  2  1  0  1  1  1  2  2  1  1  1  2  1  1  0  1  0  0
  1  0  1  3  0  1  1  1  2  1  0  0  1  1  0  1  0  0  1  1  0  0  2  2
  0  1  1  0  1  2  0  1  0  1  0  0  0  1  1  1  0  1  0  2  0  1  2  2
  2  0  1  1  0  0  1  1  0  2  2  3  0  2  0  3  1  0  1  0  1  2  1  0
  0  1  0  1  2  0  2  0  0  0  1  1  2  1  1  2  0  0  1  1  3  2  1  0
  1  1  1  1  1  1  2  2  1  1  1  1  3  1  0  2  0  0  0  1  0  0  2  1
  1  0  0  2  1  0  0  0  0  1  0  3  1  0  0  1  1  0  0  1  3  1  0  1
  1  0  0  0  0  2  0  1  1  1  0  1  0  1  1  1  1  0  3  2  0  0  2  2
  1  0  1  1  1  1  0  0  2  3  1  1  1  0  0  0  0  0  3  1  2  0  0  1
  0  1  3  1  0  0  0  0  0  1  3  2  0  1  1  1  2  0  2  1  1  0  1  0
  1  0  0  1  0  1  1  1  1  1  0  2  1  0  0  1  1  1  1  1  2  0  2  2
  3  0  1  0  1  1  3  1  0  0  2  0  1  0  2  1  1  0  1  1  1  0  0  0
  1  1  0  1  2  1  0  1  2  2  1  1  0  0  0  1  1  0  0  0  1  1  1  1
  0  1  2  1  0  2  1  0  0  0  3  1  1  1  0  1  1  1  0  1  0  0  1  0
  2  0  2  1  1  1  3  1  0  2  0  2  1  0  0  1  1  1  2  0  0  1  0  1
  1  0  2  0  2  0  1  0  1  3  2  1  1  0  2  1  0  1  1  0  2  1  0  1
  1  1  0  0  0  0  1  0  1  0  1  1  2  1  0  0  2  1  0  0  0  0  0  0
  0  1  0  0  0  0  1  1  1  2  1  0  1  2  1  0  0  1  0  2  2  3  1  0
  1  1  1  1  1  1  2  2  1  1  0  2  0  0  0  1  1  1  1  1  1  1  0  1
  1  2  2  1  1  2  2  1  0  0  0  0  0  1  1  2  1  1  0  1  1  0  0  1
  0  1  0  1  0  1  1  0  1  0  0  1  0  2  1  1  3  1  0  1  1  2  0  0
  2  2  0  0  1  2  1  0  2  0  0  0  1  3  1  0  2  2  0  0  0  1  0  0
  1  2  0  0  1  2  0  1  2  1  0  2  1  0  2  3  1  3  1  0  0  1  1  1
  2  1  2  0  0  0  1  0  1  0  2  1  3  0  0  1  1  2  1  1  0  0  1  1
  1  1  2  1  2  0  0  0  3  1  1  2  0  1  1  1  1  1  0  0  1  0  0  1
  0  0  0  1  1  0  0  0  0  0  0  1  2  0  1  1  1  0  0  0  0  1  2  0
 -1  1  2  1  2  0  0  1  1  1  1  2  2  1  1  1  1  1  1  1  1  1  1  1
  0  0  0  0  2  2  0  1  0  1  0  1  1  2  3  1]"
dbscan,4,,,,,0.2281647607090965,10,0.5,cosine,2,0.8960647028948705,0.6222216053876396,6.0,chebyshev,0.7832292751951277,"[0 1 1 1 1 2 1 1 0 1 0 0 1 1 1 1 0 1 0 0 1 0 3 1 3 1 3 1 1 0 1 1 0 1 0 1 1
 1 1 1 1 1 0 2 1 1 0 0 1 1 1 3 2 1 1 1 1 1 1 0 0 0 1 0 1 2 1 1 0 1 1 1 0 2
 2 1 0 2 3 1 2 1 1 1 1 1 1 0 2 0 2 1 1 1 1 0 2 0 1 3 1 1 1 1 1 2 1 0 1 1 0
 1 1 1 1 1 0 1 1 1 1 1 1 3 1 1 1 1 1 1 1 1 1 1 1 1 2 1 1 0 1 0 0 1 1 0 0 1
 1 1 1 0 2 0 2 0 2 1 2 1 1 0 2 1 2 1 2 1 0 1 1 1 3 0 1 0 1 2 1 2 2 1 1 1 1
 0 0 1 1 2 1 1 1 3 1 1 1 1 0 1 0 1 1 3 0 0 2 2 2 1 1 2 1 0 0 1 1 3 2 1 1 1
 1 0 0 3 2 1 0 1 1 1 0 1 1 1 0 1 2 1 1 1 1 0 1 1 0 1 1 1 0 1 1 1 1 1 0 1 1
 0 1 1 0 0 1 3 1 0 0 2 0 1 1 1 0 2 2 0 1 0 0 1 0 0 0 1 1 0 1 2 0 1 0 2 0 1
 2 1 0 0 1 1 1 0 1 1 0 0 1 1 2 1 1 1 2 1 0 1 1 1 1 1 0 1 1 1 0 1 1 1 3 1 1
 0 0 1 1 3 2 1 2 0 2 1 0 1 1 1 2 2 1 1 1 2 1 1 0 1 0 0 1 0 1 3 1 1 1 1 2 1
 1 1 1 1 0 1 0 0 1 1 0 0 2 2 0 1 1 1 1 2 1 1 1 1 0 0 1 1 1 1 0 1 0 2 0 1 2
 2 2 1 1 1 0 1 1 1 1 2 2 3 0 2 1 3 1 1 1 1 1 2 1 1 1 1 0 1 2 0 2 0 1 0 1 1
 2 1 1 2 0 0 1 1 3 2 1 1 1 1 1 1 1 1 2 2 1 1 1 1 3 1 0 2 1 0 0 1 1 0 2 1 1
 0 1 2 1 1 0 0 0 1 1 3 1 1 1 1 1 0 0 1 3 1 0 1 1 1 0 0 0 2 0 1 1 1 0 1 0 1
 1 1 1 0 3 2 1 1 2 2 1 0 1 1 1 1 0 1 2 3 1 1 1 1 1 0 0 0 3 1 2 0 0 1 1 1 3
 1 0 0 0 1 0 1 3 2 1 1 1 1 2 0 2 1 1 1 1 0 1 0 1 1 0 1 1 1 1 1 0 2 1 0 1 1
 1 1 1 1 2 0 2 2 3 1 1 0 1 1 3 1 0 1 2 0 1 0 2 1 1 0 1 1 1 1 0 0 1 1 0 1 2
 1 1 1 2 2 1 1 0 0 0 1 1 0 0 0 1 1 1 1 1 1 2 1 0 2 1 0 1 0 3 1 1 1 0 1 1 1
 1 1 1 0 1 0 2 0 2 1 1 1 3 1 0 2 0 2 1 1 0 1 1 1 2 1 0 1 1 1 1 1 2 0 2 1 1
 0 1 3 2 1 1 0 2 1 0 1 1 1 2 1 0 1 1 1 1 0 0 1 1 0 1 0 1 1 2 1 1 1 2 1 0 0
 1 0 0 0 1 1 1 1 0 1 1 1 1 2 1 0 1 2 1 0 1 1 0 2 2 3 1 0 1 1 1 1 1 1 2 2 1
 1 0 2 0 0 0 1 1 1 1 1 1 1 0 1 1 2 2 1 1 2 2 1 0 0 0 1 0 1 1 2 1 1 0 1 1 0
 0 1 0 1 1 1 0 1 1 1 1 0 0 1 1 2 1 1 3 1 0 1 1 2 1 1 2 2 0 1 1 2 1 1 2 0 0
 1 1 3 1 0 2 2 1 0 0 1 0 1 1 2 0 0 1 2 1 1 2 1 1 2 1 1 2 3 1 3 1 1 0 1 1 1
 2 1 2 1 0 1 1 1 1 0 2 1 3 0 1 1 1 2 1 1 0 0 1 1 1 1 2 1 2 0 1 0 3 1 1 2 0
 1 1 1 1 1 0 0 1 1 0 1 0 0 0 1 1 0 0 0 1 0 0 1 2 1 1 1 1 0 0 0 0 1 2 0 1 1
 2 1 2 0 1 1 1 1 1 2 2 1 1 1 1 1 1 1 1 1 1 1 1 1 1 0 2 2 0 1 1 1 0 1 1 2 3
 1]"
dbscan,2,,,,,0.2805800781710057,25,0.5,correlation,2,0.898766237006237,0.4322758126449346,6.0,cosine,0.9942344507359808,"[0 0 0 0 0 0 0 0 0 0 0 0 0 0 0 0 0 0 0 0 0 0 1 0 1 0 1 0 0 0 0 0 0 0 0 0 0
 0 0 0 0 0 0 0 0 0 0 0 0 0 0 1 0 0 0 0 0 0 0 0 0 0 0 0 0 0 0 0 0 0 0 0 0 0
 0 0 0 0 1 0 0 0 0 0 0 0 0 0 0 0 0 0 0 0 0 0 0 0 0 1 0 0 0 0 0 0 0 0 0 0 0
 0 0 0 0 0 0 0 0 0 0 0 0 1 0 0 0 0 0 0 0 0 0 0 0 0 0 0 0 0 0 0 0 0 0 0 0 0
 0 0 0 0 0 0 0 0 0 0 0 0 0 0 0 0 0 0 0 0 0 0 0 0 1 0 0 0 0 0 0 0 0 0 0 0 0
 0 0 0 0 0 0 0 0 1 0 0 0 0 0 0 0 0 0 1 0 0 0 0 0 0 0 0 0 0 0 0 0 1 0 0 0 0
 0 0 0 1 0 0 0 0 0 0 0 0 0 0 0 0 0 0 0 0 0 0 0 0 0 0 0 0 0 0 0 0 0 0 0 0 0
 0 0 0 0 0 0 1 0 0 0 0 0 0 0 0 0 0 0 0 0 0 0 0 0 0 0 0 0 0 0 0 0 0 0 0 0 0
 0 0 0 0 0 0 0 0 0 0 0 0 0 0 0 0 0 0 0 0 0 0 0 0 0 0 0 0 0 0 0 0 0 0 1 0 0
 0 0 0 0 1 0 0 0 0 0 0 0 0 0 0 0 0 0 0 0 0 0 0 0 0 0 0 0 0 0 1 0 0 0 0 0 0
 0 0 0 0 0 0 0 0 0 0 0 0 0 0 0 0 0 0 0 0 0 0 0 0 0 0 0 0 0 0 0 0 0 0 0 0 0
 0 0 0 0 0 0 0 0 0 0 0 0 1 0 0 0 1 0 0 0 0 0 0 0 0 0 0 0 0 0 0 0 0 0 0 0 0
 0 0 0 0 0 0 0 0 1 0 0 0 0 0 0 0 0 0 0 0 0 0 0 0 1 0 0 0 0 0 0 0 0 0 0 0 0
 0 0 0 0 0 0 0 0 0 0 1 0 0 0 0 0 0 0 0 1 0 0 0 0 0 0 0 0 0 0 0 0 0 0 0 0 0
 0 0 0 0 1 0 0 0 0 0 0 0 0 0 0 0 0 0 0 1 0 0 0 0 0 0 0 0 1 0 0 0 0 0 0 0 1
 0 0 0 0 0 0 0 1 0 0 0 0 0 0 0 0 0 0 0 0 0 0 0 0 0 0 0 0 0 0 0 0 0 0 0 0 0
 0 0 0 0 0 0 0 0 1 0 0 0 0 0 1 0 0 0 0 0 0 0 0 0 0 0 0 0 0 0 0 0 0 0 0 0 0
 0 0 0 0 0 0 0 0 0 0 0 0 0 0 0 0 0 0 0 0 0 0 0 0 0 0 0 0 0 1 0 0 0 0 0 0 0
 0 0 0 0 0 0 0 0 0 0 0 0 1 0 0 0 0 0 0 0 0 0 0 0 0 0 0 0 0 0 0 0 0 0 0 0 0
 0 0 1 0 0 0 0 0 0 0 0 0 0 0 0 0 0 0 0 0 0 0 0 0 0 0 0 0 0 0 0 0 0 0 0 0 0
 0 0 0 0 0 0 0 0 0 0 0 0 0 0 0 0 0 0 0 0 0 0 0 0 0 1 0 0 0 0 0 0 0 0 0 0 0
 0 0 0 0 0 0 0 0 0 0 0 0 0 0 0 0 0 0 0 0 0 0 0 0 0 0 0 0 0 0 0 0 0 0 0 0 0
 0 0 0 0 0 0 0 0 0 0 0 0 0 0 0 0 0 0 1 0 0 0 0 0 0 0 0 0 0 0 0 0 0 0 0 0 0
 0 0 1 0 0 0 0 0 0 0 0 0 0 0 0 0 0 0 0 0 0 0 0 0 0 0 0 0 1 0 1 0 0 0 0 0 0
 0 0 0 0 0 0 0 0 0 0 0 0 1 0 0 0 0 0 0 0 0 0 0 0 0 0 0 0 0 0 0 0 1 0 0 0 0
 0 0 0 0 0 0 0 0 0 0 0 0 0 0 0 0 0 0 0 0 0 0 0 0 0 0 0 0 0 0 0 0 0 0 0 0 0
 0 0 0 0 0 0 0 0 0 0 0 0 0 0 0 0 0 0 0 0 0 0 0 0 0 0 0 0 0 0 0 0 0 0 0 0 1
 0]"
dbscan,2,,,,,0.1670626250124928,25,0.5,cosine,2,0.899523866943867,0.32956255594955164,5.0,cosine,0.9575982699956438,"[0 0 0 0 0 1 0 0 0 0 0 0 0 0 0 0 0 0 0 0 0 0 0 0 0 0 0 0 0 0 0 0 0 0 0 0 0
 0 0 0 0 0 0 1 0 0 0 0 0 0 0 0 1 0 0 0 0 0 0 0 0 0 0 0 0 1 0 0 0 0 0 0 0 1
 1 0 0 1 0 0 1 0 0 0 0 0 0 0 1 0 1 0 0 0 0 0 1 0 0 0 0 0 0 0 0 1 0 0 0 0 0
 0 0 0 0 0 0 0 0 0 0 0 0 0 0 0 0 0 0 0 0 0 0 0 0 0 1 0 0 0 0 0 0 0 0 0 0 0
 0 0 0 0 1 0 1 0 1 0 1 0 0 0 1 0 1 0 1 0 0 0 0 0 0 0 0 0 0 1 0 1 1 0 0 0 0
 0 0 0 0 1 0 0 0 0 0 0 0 0 0 0 0 0 0 0 0 0 1 1 1 0 0 1 0 0 0 0 0 0 1 0 0 0
 0 0 0 0 1 0 0 0 0 0 0 0 0 0 0 0 1 0 0 0 0 0 0 0 0 0 0 0 0 0 0 0 0 0 0 0 0
 0 0 0 0 0 0 0 0 0 0 1 0 0 0 0 0 1 1 0 0 0 0 0 0 0 0 0 0 0 0 1 0 0 0 1 0 0
 1 0 0 0 0 0 0 0 0 0 0 0 0 0 1 0 0 0 1 0 0 0 0 0 0 0 0 0 0 0 0 0 0 0 0 0 0
 0 0 0 0 0 1 0 1 0 1 0 0 0 0 0 1 1 0 0 0 1 0 0 0 0 0 0 0 0 0 0 0 0 0 0 1 0
 0 0 0 0 0 0 0 0 0 0 0 0 1 1 0 0 0 0 0 1 0 0 0 0 0 0 0 0 0 0 0 0 0 1 0 0 1
 1 1 0 0 0 0 0 0 0 0 1 1 0 0 1 0 0 0 0 0 0 0 1 0 0 0 0 0 0 1 0 1 0 0 0 0 0
 1 0 0 1 0 0 0 0 0 1 0 0 0 0 0 0 0 0 1 1 0 0 0 0 0 0 0 1 0 0 0 0 0 0 1 0 0
 0 0 1 0 0 0 0 0 0 0 0 0 0 0 0 0 0 0 0 0 0 0 0 0 0 0 0 0 1 0 0 0 0 0 0 0 0
 0 0 0 0 0 1 0 0 1 1 0 0 0 0 0 0 0 0 1 0 0 0 0 0 0 0 0 0 0 0 1 0 0 0 0 0 0
 0 0 0 0 0 0 0 0 1 0 0 0 0 1 0 1 0 0 0 0 0 0 0 0 0 0 0 0 0 0 0 0 1 0 0 0 0
 0 0 0 0 1 0 1 1 0 0 0 0 0 0 0 0 0 0 1 0 0 0 1 0 0 0 0 0 0 0 0 0 0 0 0 0 1
 0 0 0 1 1 0 0 0 0 0 0 0 0 0 0 0 0 0 0 0 0 1 0 0 1 0 0 0 0 0 0 0 0 0 0 0 0
 0 0 0 0 0 0 1 0 1 0 0 0 0 0 0 1 0 1 0 0 0 0 0 0 1 0 0 0 0 0 0 0 1 0 1 0 0
 0 0 0 1 0 0 0 1 0 0 0 0 0 1 0 0 0 0 0 0 0 0 0 0 0 0 0 0 0 1 0 0 0 1 0 0 0
 0 0 0 0 0 0 0 0 0 0 0 0 0 1 0 0 0 1 0 0 0 0 0 1 1 0 0 0 0 0 0 0 0 0 1 1 0
 0 0 1 0 0 0 0 0 0 0 0 0 0 0 0 0 1 1 0 0 1 1 0 0 0 0 0 0 0 0 1 0 0 0 0 0 0
 0 0 0 0 0 0 0 0 0 0 0 0 0 0 0 1 0 0 0 0 0 0 0 1 0 0 1 1 0 0 0 1 0 0 1 0 0
 0 0 0 0 0 1 1 0 0 0 0 0 0 0 1 0 0 0 1 0 0 1 0 0 1 0 0 1 0 0 0 0 0 0 0 0 0
 1 0 1 0 0 0 0 0 0 0 1 0 0 0 0 0 0 1 0 0 0 0 0 0 0 0 1 0 1 0 0 0 0 0 0 1 0
 0 0 0 0 0 0 0 0 0 0 0 0 0 0 0 0 0 0 0 0 0 0 0 1 0 0 0 0 0 0 0 0 0 1 0 0 0
 1 0 1 0 0 0 0 0 0 1 1 0 0 0 0 0 0 0 0 0 0 0 0 0 0 0 1 1 0 0 0 0 0 0 0 1 0
 0]"
dbscan,4,,,,,0.29119949859971983,50,0.5,correlation,2,0.8950049107625744,0.7048183875556843,6.0,euclidean,0.5525479226873471,"[ 0  1  1  1  1  2  1  1  0  1  0  0  1  1  1  1  0  1  0  0  1  0  3  1
  3  1  3  1  1  0  1  1  0  1  0  1  0  1  1  1  1  0  0  2  0  1  0  0
  0  1  1  3  2  0  1  1  1  1  1  0  0  0  1  0  0  2  1  0  0  1  0  1
  0  2  2  1  0  2  3  1  2  1  1  1  0  1  1  0  2  0  2  1  1  1  1  0
  2  0  1  3  1  1  0  1  1  2  1  0  1  1  0  1  1  1  1  1  0  1  1  1
  1  1  1  3  0  1  1  1  0  1  1  1  0  1  1  0  2  1  1  0  1  0  0  1
  1  0  0  1  1  1  1  0  2  0  2  0  2  0  2  1  1  0  2  1  2  0  2  1
  0  1  1  0  3  0  1  0  0  2  0  2  2  1  0  1  0  0  0  1  1  2  1  0
  0  3  1  1  1  1  0  0  0  1  1  3  0  0  2  2  2  1  1  2  1  0  0  1
  1  3  2  0  1  1  0  0  0  3  2  0  0  1  0  1  0  1  1  0  0  1  2  1
  1  1  1  0  1  1  0  1  1  1  0  1  1  1  1  1  0  1  1  0  1  1  0  0
  1  3  1  0  0  2  0  1  1  1  0  2  2  0  1  0  0  0  0  0  0  1  0  0
  1  2  0  1  0  2  0  1  2  1  0  0  1  1  1  0  1  1  0  0  0  1  2  1
  1  0  2  0  0  1  1  0  1  1  0  1  1  1  0  1  1  0  3  1  1  0  0  1
  1  3  2  1  2  0  2  1  0  1  1  1  2  2  1  1  1  2  1  1  0  1  0  0
  1  0  1  3  0  1  1  1  2  1  0  0  1  1  0  1  0  0  1  1  0  0  2  2
  0  1  1  0  1  2  0  1  0  1  0  0  0  1  1  1  0  1  0  2  0  1  2  2
  2  0  1  1  0  0  1  1  0  2  2  3  0  2  0  3  1  0  1  0  1  2  1  0
  0  1  0  1  2  0  2  0  0  0  1  1  2  1  1  2  0  0  1  1  3  2  1  0
  1  1  1  1  1  1  2  2  1  1  1  1  3  1  0  2  0  0  0  1  0  0  2  1
  1  0  0  2  1  0  0  0  0  1  0  3  1  0  0  1  1  0  0  1  3  1  0  1
  1  0  0  0  0  2  0  1  1  1  0  1  0  1  1  1  1  0  3  2  0  0  2  2
  1  0  1  1  1  1  0  0  2  3  1  1  1  0  0  0  0  0  3  1  2  0  0  1
  0  1  3  1  0  0  0  0  0  1  3  2  0  1  1  1  2  0  2  1  1  0  1  0
  1  0  0  1  0  1  1  1  1  1  0  2  1  0  0  1  1  1  1  1  2  0  2  2
  3  0  1  0  1  1  3  1  0  0  2  0  1  0  2  1  1  0  1  1  1  0  0  0
  1  1  0  1  2  1  0  1  2  2  1  1  0  0  0  1  1  0  0  0  1  1  1  1
  0  1  2  1  0  2  1  0  0  0  3  1  1  1  0  1  1  1  0  1  0  0  1  0
  2  0  2  1  1  1  3  1  0  2  0  2  1  0  0  1  1  1  2  0  0  1  0  1
  1  0  2  0  2  0  1  0  1  3  2  1  1  0  2  1  0  1  1  0  2  1  0  1
  1  1  0  0  0  0  1  0  1  0  1  1  2  1  0  0  2  1  0  0  0  0  0  0
  0  1  0  0  0  0  1  1  1  2  1  0  1  2  1  0  0  1 -1  2  2  3  1  0
  1  1  1  1  1  1  2  2  1  1  0  2  0  0  0  1  1  1  1  1  1  1  0  1
  1  2  2  1  1  2  0  1  0  0  0  0  0  1  1  2  1  1  0  1  1  0  0  1
  0  1  0  1  0  1  1  0  1  0  0  1  0  2  1  1  3  1  0  1  1  2  0  0
  2  2  0  0  1  2  1  0  2  0  0  0  1  3  1  0  2  2  0  0  0  1  0  0
  1  2  0  0  1  2  0  1  2  1  0  2  1  0  2  3  1  3  1  0  0  1  1  1
  2  1  2  0  0  0  1  0  1  0  2  1  3  0  0  1  1  2  1  1  0  0  1  1
  1  1  2  1  2  0  0  0  3  1  1  2  0  1  1  1  1  1  0  0  1  0  0  1
  0  0  0  1  1  0  0  0  0  0  0  1  2  0  1  1  1  0  0  0  0  1  2  0
  1  1  2  1  2  0  0  1  1  1  1  2  2  1  1  1  1  1  1  1  1  1  1  1
  0  0  0  0  2  2  0  1 -1  1  0  1  1  2  3  1]"
dbscan,5,,,,,0.1234561659643633,50,0.5,cosine,2,0.8873557382368849,0.5674264201927222,6.0,manhattan,0.8505705905293064,"[ 0  1  1  1  1  2  1  1  0  1  0  0  1  1  1  1  0  1  0  0  1  0  3  1
  3  1  3  1  1  0  1  1  0  1  0  1  4  1  1  1  1  4  0  2  4  1  0  0
  4  1  1  3  2  4  1  1  1  1  1  0  0  0  1  0  4  2  1  4  0  1  4  1
  0  2  2  1  0  2  3  1  2  1  1  1  4  1  1  0  2  0  2  1  1  1  1  0
  2  0  1  3  1  1  4  1  1  2  1  0  1  1  0  1  1  1  1  1  0  1  1  1
  1  1  1  3  4  1  1  1  4  1  1  1  4  1  1  4  2  1  1  0  1  0  0  1
  1  0  0  1  1  1  1  0  2  0  2  0  2  4  2  1  1  0  2  1  2  4  2  1
  0  1  1  4  3  0  1  0  4  2  4  2  2  1 -1  1  4  0  0  1  1  2  1  4
  4  3  1  1  1  1  0  4  0  1  1  3  0  0  2  2  2  1  1  2  1  0  0  1
  1  3  2  4  1  1  4  0  0  3  2  4  0  1  4  1  0  1  1  4  0  1  2  1
  1  1  1  0  1  1  0  1  1  1  0  1  1  1  1  1  0  1  1  0  1  1  0  0
  1  3  1  0  0  2  0  1  1  1  0  2  2  0  1  0  0  4  0  0  0  1  4  0
  1  2  0  1  0  2  0  1  2  1  0  0  1  1  1  0  1  1  0  0  4  1  2  1
  1  4  2  4  0  1  1  4  1  1  0  1  1  1  0  1  1  4  3  1  1  0  0  1
  1  3  2  1  2  0  2  1  0  1  1  1  2  2  1  1  1  2  1  1  0  1  0  0
  1  0  1  3  4  1  1  1  2  1  4  4  1  1  0  1  0  0  1  1  0  0  2  2
  0  1  1  4  1  2  4  1  4  1  0  0  4  1  1  1  0  1  0  2  0  1  2  2
  2 -1  1  1  0  4  1  1  4  2  2  3  0  2  4  3  1  4  1  4  1  2  1  4
  4  1  0  1  2  0  2  0  4  0  1  1  2  1  1  2  0  0  1  1  3  2  1  4
  1  1  1  1  1  1  2  2  1  1  1  1  3  1  0  2  4  0  0  1  4  0  2  1
  1  0  4  2  1  4  0  0  0  1  4  3  1  4  4  1  1  0  0  1  3  1  0  1
  1  4  0  0  0  2  0  1  1  1  0  1  0  1  1  1  1  0  3  2  1  4  2  2
  1  0  1  1  1  1  0  4  2  3  1  1  1  4  4  0  0  0  3  1  2  0  0  1
  4  1  3  1  0  0  0  4  0  1  3  2  4  1  1  1  2  0  2  1  1  4  1  0
  1  0  4  1  0  1  1  1  1  1  0  2  1  0  4  1  1  1  1  1  2  0  2  2
  3  4  1  0  1  1  3  1  0 -1  2  0  1  0  2  1  1  0  1  1  1  4  0  0
  1  1  0  1  2  1  4  1  2  2  1  1  0  0  0  1  1  0  0  0  1  1  1  1
  4  1  2  1  0  2  1  0  4  0  3  1  1  1  0  1  1  1 -1  1  4  0  1  0
  2  0  2  1  1  1  3  1  0  2  0  2  1  4  0  1  1  1  2  4  0  1 -1  1
  1 -1  2  0  2  4  1  0  1  3  2  1  1  0  2  1  0  1  1 -1  2  1  0  1
  1  1  4  0  0  4  1  0  1  0  1  1  2  1  4  4  2  1  0  0  4  0  0  0
 -1  1  4  4  0  4  1  1  1  2  1  0  1  2  1  0  4  1  1  2  2  3  1  0
  1  1  1  1  1  1  2  2  1  1  0  2  0  0  0  1  1  1  1  1  1  1  0  1
  1  2  2  1  1  2 -1  1  0  0  0  4  0  1  1  2  1  1  0  1  1  0  0  1
  0  1  4  1  0  1  1  4  1  0  0  1 -1  2  1  1  3  1  0  1  1  2  4  4
  2  2  0  4  1  2  1  4  2  0  0  4  1  3  1  0  2  2  4  0  0  1  0  4
  1  2  0  0  1  2  4  1  2  1  4  2  1 -1  2  3  1  3  1  4  0  1  1  1
  2  1  2 -1  0  4  1  4  1  0  2  1  3  0  4  1  1  2  1  1  0  0  1  1
  1  1  2  1  2  0  4  0  3  1  1  2  0  1  1  1  1  1  0  0  1  4  0  1
  0  0  0  1  1  0  0  0  4  0  0  1  2  4  1  1  1  0  0  0  0  1  2  0
  1  1  2  1  2  0  4  1  1  1  1  2  2  1  1  1  1  1  1  1  1  1  1  1
  4  4  4  0  2  2  0  1  1  1  0  1  1  2  3  1]"
dbscan,4,,,,,0.3306768504589631,100,0.5,correlation,2,0.8829107239552678,0.5645294278335125,6.0,chebyshev,0.4393546034835559,"[ 0  1  1  1  1  2  1  1  0  1  0  0  1  1  1  1  0  1  0  0  1  0  3  1
  3  1  3  1  1  0  1  1  0  1  0  1  0  1  1  1  1  0  0  2  0  1  0  0
  0  1  1  3  2  0  1  1  1  1  1  0  0  0  1  0  0  2  1  0  0  1  0  1
  0  2  2  1  0  2  3  1  2  1  1  1  0  1  1  0  2  0  2  1  1  1  1  0
  2  0  1  3  1  1  0  1  1  2  1  0  1  1  0  1  1  1  1  1  0  1  1  1
  1  1  1  3  0  1  1  1  0  1  1  1  0  1  1  0  2  1  1  0  1  0  0  1
  1  0  0  1  1  1  1  0  2  0  2  0  2  0  2  1  1  0  2  1  2  0  2  1
  0  1  1  0  3  0  1  0  0  2  0  2  2  1  0  1  0  0  0  1  1  2  1  0
  0  3  1  1  1  1  0  0  0  1  1  3  0  0  2  2  2  1  1  2  1  0  0  1
  1  3  2  0  1  1  0  0  0  3  2  0  0  1  0  1  0  1  1  0  0  1  2  1
  1  1  1  0  1  1  0  1  1  1  0  1  1  1  1  1  0  1  1  0  1  1  0  0
  1  3  1  0  0  2  0  1  1  1  0  2  2  0  1  0  0  0  0  0  0  1  0  0
  1  2  0  1  0  2  0  1  2  1  0  0  1  1  1  0  1  1  0  0  0  1  2  1
  1  0  2  0  0  1  1  0  1  1  0  1  1  1  0  1  1  0  3  1  1  0  0  1
  1  3  2  1  2  0  2  1  0  1  1  1  2  2  1  1  1  2  1  1  0  1  0  0
  1  0  1  3  0  1  1  1  2  1  0  0  1  1  0  1  0  0  1  1  0  0  2  2
  0  1  1  0  1  2  0  1  0  1  0  0  0  1  1  1  0  1  0  2  0  1  2  2
  2  0  1  1  0  0  1  1  0  2  2  3  0  2  0  3  1  0  1  0  1  2  1  0
  0  1  0  1  2  0  2  0  0  0  1  1  2  1  1  2  0  0  1  1  3  2  1  0
  1  1  1  1  1  1  2  2  1  1  1  1  3  1  0  2  0  0  0  1  0  0  2  1
  1  0  0  2  1  0  0  0  0  1  0  3  1  0  0  1  1  0  0  1  3  1  0  1
  1  0  0  0  0  2  0  1  1  1  0  1  0  1  1  1  1  0  3  2  0  0  2  2
  1  0  1  1  1  1  0  0  2  3  1  1  1  0  0  0  0  0  3  1  2  0  0  1
  0  1  3  1  0  0  0  0  0  1  3  2  0  1  1  1  2  0  2  1  1  0  1  0
  1  0  0  1  0  1  1  1  1  1  0  2  1  0  0  1  1  1  1  1  2  0  2  2
  3  0  1  0  1  1  3  1  0  0  2  0  1  0  2  1  1  0  1  1  1  0  0  0
  1  1  0  1  2  1  0  1  2  2  1  1  0  0  0  1  1  0  0  0  1  1  1  1
  0  1  2  1  0  2  1  0  0  0  3  1  1  1  0  1  1  1  0  1  0  0  1  0
  2  0  2  1  1  1  3  1  0  2  0  2  1  0  0  1  1  1  2  0  0  1  0  1
  1  0  2  0  2  0  1  0  1  3  2  1  1  0  2  1  0  1  1  0  2  1  0  1
  1  1  0  0  0  0  1  0  1  0  1  1  2  1  0  0  2  1  0  0  0  0  0  0
  0  1  0  0  0  0  1  1  1  2  1  0  1  2  1  0  0  1  0  2  2  3  1  0
  1  1  1  1  1  1  2  2  1  1  0  2  0  0  0  1  1  1  1  1  1  1  0  1
  1  2  2  1  1  2  0  1  0  0  0  0  0  1  1  2  1  1  0  1  1  0  0  1
  0  1  0  1  0  1  1  0  1  0  0  1 -1  2  1  1  3  1  0  1  1  2  0  0
  2  2  0  0  1  2  1  0  2  0  0  0  1  3  1  0  2  2  0  0  0  1  0  0
  1  2  0  0  1  2  0  1  2  1  0  2  1 -1  2  3  1  3  1  0  0  1  1  1
  2  1  2  0  0  0  1  0  1  0  2  1  3  0  0  1  1  2  1  1  0  0  1  1
  1  1  2  1  2  0  0  0  3  1  1  2  0  1  1  1  1  1  0  0  1  0  0  1
  0  0  0  1  1  0  0  0  0  0  0  1  2  0  1  1  1  0  0  0  0  1  2  0
  1  1  2  1  2  0  0  1  1  1  1  2  2  1  1  1  1  1  1  1  1  1  1  1
  0  0  0  0  2  2  0  1 -1  1  0  1  1  2  3  1]"
dbscan,5,,,,,0.09355211492284995,100,0.5,cosine,2,0.8880818246027075,0.6169311045021282,6.0,chebyshev,0.9648417910738425,"[0 1 1 1 1 2 1 1 0 1 0 0 1 1 1 1 0 1 0 0 1 0 3 1 3 1 3 1 1 0 1 1 0 1 0 1 4
 1 1 1 1 4 0 2 4 1 0 0 4 1 1 3 2 4 1 1 1 1 1 0 0 0 1 0 4 2 1 4 0 1 4 1 0 2
 2 1 0 2 3 1 2 1 1 1 4 1 1 0 2 0 2 1 1 1 1 0 2 0 1 3 1 1 4 1 1 2 1 0 1 1 0
 1 1 1 1 1 0 1 1 1 1 1 1 3 4 1 1 1 4 1 1 1 4 1 1 4 2 1 1 0 1 0 0 1 1 0 0 1
 1 1 1 0 2 0 2 0 2 4 2 1 1 0 2 1 2 4 2 1 0 1 1 4 3 0 1 0 4 2 4 2 2 1 4 1 4
 0 0 1 1 2 1 4 4 3 1 1 1 1 0 4 0 1 1 3 0 0 2 2 2 1 1 2 1 0 0 1 1 3 2 4 1 1
 4 0 0 3 2 4 0 1 4 1 0 1 1 4 0 1 2 1 1 1 1 0 1 1 0 1 1 1 0 1 1 1 1 1 0 1 1
 0 1 1 0 0 1 3 1 0 0 2 0 1 1 1 0 2 2 0 1 0 0 4 0 0 0 1 4 0 1 2 0 1 0 2 0 1
 2 1 0 0 1 1 1 0 1 1 0 0 4 1 2 1 1 4 2 4 0 1 1 4 1 1 0 1 1 1 0 1 1 4 3 1 1
 0 0 1 1 3 2 1 2 0 2 1 0 1 1 1 2 2 1 1 1 2 1 1 0 1 0 0 1 0 1 3 4 1 1 1 2 1
 4 4 1 1 0 1 0 0 1 1 0 0 2 2 0 1 1 4 1 2 4 1 4 1 0 0 4 1 1 1 0 1 0 2 0 1 2
 2 2 4 1 1 0 4 1 1 4 2 2 3 0 2 4 3 1 4 1 4 1 2 1 4 4 1 0 1 2 0 2 0 4 0 1 1
 2 1 1 2 0 0 1 1 3 2 1 4 1 1 1 1 1 1 2 2 1 1 1 1 3 1 0 2 4 0 0 1 4 0 2 1 1
 0 4 2 1 4 0 0 0 1 4 3 1 4 4 1 1 0 0 1 3 1 0 1 1 4 0 0 0 2 0 1 1 1 0 1 0 1
 1 1 1 0 3 2 4 4 2 2 1 0 1 1 1 1 0 4 2 3 1 1 1 4 4 0 0 0 3 1 2 0 0 1 4 1 3
 1 0 0 0 4 0 1 3 2 4 1 1 1 2 0 2 1 1 4 1 0 1 0 4 1 0 1 1 1 1 1 0 2 1 0 4 1
 1 1 1 1 2 0 2 2 3 4 1 0 1 1 3 1 0 0 2 0 1 0 2 1 1 0 1 1 1 4 0 0 1 1 0 1 2
 1 4 1 2 2 1 1 0 0 0 1 1 0 0 0 1 1 1 1 4 1 2 1 0 2 1 0 4 0 3 1 1 1 0 1 1 1
 4 1 4 0 1 0 2 0 2 1 1 1 3 1 0 2 0 2 1 4 0 1 1 1 2 4 0 1 0 1 1 4 2 0 2 4 1
 0 1 3 2 1 1 0 2 1 0 1 1 4 2 1 0 1 1 1 4 0 0 4 1 0 1 0 1 1 2 1 4 4 2 1 0 0
 4 0 0 0 4 1 4 4 0 4 1 1 1 2 1 0 1 2 1 0 4 1 1 2 2 3 1 0 1 1 1 1 1 1 2 2 1
 1 0 2 0 0 0 1 1 1 1 1 1 1 0 1 1 2 2 1 1 2 2 1 0 0 0 4 0 1 1 2 1 1 0 1 1 0
 0 1 0 1 4 1 0 1 1 4 1 0 0 1 4 2 1 1 3 1 0 1 1 2 4 4 2 2 0 4 1 2 1 4 2 0 0
 4 1 3 1 0 2 2 4 0 0 1 0 4 1 2 0 0 1 2 4 1 2 1 4 2 1 4 2 3 1 3 1 4 0 1 1 1
 2 1 2 0 0 4 1 4 1 0 2 1 3 0 4 1 1 2 1 1 0 0 1 1 1 1 2 1 2 0 4 0 3 1 1 2 0
 1 1 1 1 1 0 0 1 4 0 1 0 0 0 1 1 0 0 0 4 0 0 1 2 4 1 1 1 0 0 0 0 1 2 0 1 1
 2 1 2 0 4 1 1 1 1 2 2 1 1 1 1 1 1 1 1 1 1 1 4 4 4 0 2 2 0 1 1 1 0 1 1 2 3
 1]"
dbscan,5,,,,,0.29357859479003645,200,0.5,correlation,2,0.8468484917798428,0.5653883947569109,6.0,manhattan,0.5263204495629541,"[-1  0  0  0  0  1  0  0  2  0  2  2  0  0  0  0  2  0  2  2  0  2  3  0
  3  0  3  0  0  2  0  0  2  0  2  0  4  0  0  0  0  4  2 -1  4  0  2  2
  4  0  0  3  1  4  0  0  0  0  0  2  2  2  0  2  4  1  0  4  2  0  4  0
  2  1  1  0  2  1  3  0  1  0  0  0  4  0  0  2  1  2  1  0  0  0  0  2
  1  2  0  3  0  0  4  0  0  1  0  2  0  0  2  0  0  0 -1  0  2  0  0  0
  0  0  0  3  4  0  0  0  4  0  0  0  4  0  0  4  1  0  0  2  0  2  2  0
  0  2  2  0  0  0  0  2  1  2  1  2  1 -1  1  0  0  2  1  0  1  4  1  0
  2  0  0  4  3  2  0  2  4  1  4  1  1  0  4  0  4  2  2  0  0  1  0  4
  4  3  0  0  0  0  2  4  2  0  0  3 -1  4  1  1  1  0  0  1  0  2  2  0
  0  3  1  4  0  0  4  2  2  3  1  4  2  0  4  0  2  0  0  4  2  0  1  0
  0  0  0  2  0  0  2  0  0  0  2  0  0  0  0  0  2  0  0  2  0  0  2  2
  0  3  0  2  2  1  2  0  0  0  2  1  1  2  0  2  2  4  2  2  2  0  4  2
  0  1  2  0  2  1  2  0  1  0  2  2  0  0  0  2  0  0  2  2  4  0  1  0
  0  4  1  4  2  0  0  4  0  0  2  0  0  0  2  0  0  4  3  0  0  2  2  0
  0  3 -1  0  1  2  1  0  2  0  0  0  1  1  0  0  0  1  0  0  2  0  2  2
  0  2  0  3  4  0  0  0  1  0  4  4  0  0  2  0  2  2  0  0 -1  2  1  1
  2  0  0  4  0  1  4  0  4  0  2  2  4  0  0  0  2  0  2  1  2  0  1  1
  1  2  0  0  2  4  0  0  4  1 -1  3  2  1 -1  3  0  4  0  4  0  1  0  4
  4  0  2  0  1  2  1  2  4  2  0  0  1  0  0  1  2  2  0  0  3  1  0  4
  0  0  0  0  0  0 -1 -1  0  0  0  0  3  0  2  1  4  2  2  0  4 -1  1  0
  0  2  4  1  0  4  2  2  2  0  4  3  0  4  4  0  0  2  2  0  3  0  2  0
  0  4  2  2  2  1  2  0  0  0  2  0  2  0  0  0  0  2  3  1  4  4  1  1
  0  2  0  0  0  0  2 -1  1  3  0  0  0  4  4  2  2  2  3  0  1  2  2  0
  4  0  3  0  2  2  2  4  2  0  3  1  4  0  0  0  1  2  1  0  0  4  0  2
  0  2  4  0  2  0  0  0  0  0  2  1  0  2  4  0  0  0  0  0  1  2  1  1
  3  4  0  2  0  0  3  0  2 -1  1  2  0  2  1  0  0  2  0  0  0  4  2  2
  0  0  2  0  1  0  4  0  1  1  0  0  2  2  2  0  0  2  2  2  0  0  0  0
  4  0  1  0  2  1  0  2 -1  2  3  0  0  0  2  0  0  0  4  0  4  2  0  2
  1  2  1  0  0  0  3  0  2 -1  2  1  0  4  2  0  0  0  1  4  2  0  2  0
  0 -1  1  2  1  4  0  2  0  3  1  0  0  2  1  0  2  0  0 -1  1  0  2  0
  0  0  4  2  2  4  0  2  0  2  0  0  1  0  4  4  1  0  2  2  4  2  2  2
  4  0  4  4  2  4  0  0  0  1  0  2  0  1  0  2  4  0 -1  1  1  3  0  2
  0  0  0  0  0  0  1  1  0  0  2  1  2  2  2  0  0  0  0  0  0  0  2  0
  0  1  1  0  0  1  2  0  2  2  2  4  2  0  0  1  0  0  2  0  0  2  2  0
  2  0  4  0  2  0  0  4  0  2  2  0 -1  1  0  0  3  0  2  0 -1  1  4  4
  1  1  2  4  0  1  0  4  1  2  2  4  0  3  0 -1 -1  1 -1  2  2  0  2  4
  0  1  2  2  0  1  4  0  1  0  4  1  0 -1  1  3  0  3  0  4  2  0  0  0
  1  0  1 -1  2  4  0  4  0  2  1  0  3  2  4  0  0  1  0  0  2  2  0  0
  0  0  1  0  1  2  4  2  3  0  0  1  2  0  0  0  0  0  2  2  0  4  2  0
  2  2  2  0  0  2  2  2  4  2  2  0  1  4  0  0  0  2  2  2  0  0  1  2
  0  0  1  0  1  2  4  0  0  0  0  1  1  0  0  0  0  0  0  0  0  0  0  0
  4  4  4  2  1  1  2  0  0  0  2  0  0  1  3  0]"
dbscan,2,,,,,0.07745070667463762,200,0.5,cosine,2,0.8992115296640457,0.4045949256564232,6.0,cosine,0.9971527449045683,"[0 0 0 0 0 0 0 0 0 0 0 0 0 0 0 0 0 0 0 0 0 0 1 0 1 0 1 0 0 0 0 0 0 0 0 0 0
 0 0 0 0 0 0 0 0 0 0 0 0 0 0 1 0 0 0 0 0 0 0 0 0 0 0 0 0 0 0 0 0 0 0 0 0 0
 0 0 0 0 1 0 0 0 0 0 0 0 0 0 0 0 0 0 0 0 0 0 0 0 0 1 0 0 0 0 0 0 0 0 0 0 0
 0 0 0 0 0 0 0 0 0 0 0 0 1 0 0 0 0 0 0 0 0 0 0 0 0 0 0 0 0 0 0 0 0 0 0 0 0
 0 0 0 0 0 0 0 0 0 0 0 0 0 0 0 0 0 0 0 0 0 0 0 0 1 0 0 0 0 0 0 0 0 0 0 0 0
 0 0 0 0 0 0 0 0 1 0 0 0 0 0 0 0 0 0 1 0 0 0 0 0 0 0 0 0 0 0 0 0 1 0 0 0 0
 0 0 0 1 0 0 0 0 0 0 0 0 0 0 0 0 0 0 0 0 0 0 0 0 0 0 0 0 0 0 0 0 0 0 0 0 0
 0 0 0 0 0 0 1 0 0 0 0 0 0 0 0 0 0 0 0 0 0 0 0 0 0 0 0 0 0 0 0 0 0 0 0 0 0
 0 0 0 0 0 0 0 0 0 0 0 0 0 0 0 0 0 0 0 0 0 0 0 0 0 0 0 0 0 0 0 0 0 0 1 0 0
 0 0 0 0 1 0 0 0 0 0 0 0 0 0 0 0 0 0 0 0 0 0 0 0 0 0 0 0 0 0 1 0 0 0 0 0 0
 0 0 0 0 0 0 0 0 0 0 0 0 0 0 0 0 0 0 0 0 0 0 0 0 0 0 0 0 0 0 0 0 0 0 0 0 0
 0 0 0 0 0 0 0 0 0 0 0 0 1 0 0 0 1 0 0 0 0 0 0 0 0 0 0 0 0 0 0 0 0 0 0 0 0
 0 0 0 0 0 0 0 0 1 0 0 0 0 0 0 0 0 0 0 0 0 0 0 0 1 0 0 0 0 0 0 0 0 0 0 0 0
 0 0 0 0 0 0 0 0 0 0 1 0 0 0 0 0 0 0 0 1 0 0 0 0 0 0 0 0 0 0 0 0 0 0 0 0 0
 0 0 0 0 1 0 0 0 0 0 0 0 0 0 0 0 0 0 0 1 0 0 0 0 0 0 0 0 1 0 0 0 0 0 0 0 1
 0 0 0 0 0 0 0 1 0 0 0 0 0 0 0 0 0 0 0 0 0 0 0 0 0 0 0 0 0 0 0 0 0 0 0 0 0
 0 0 0 0 0 0 0 0 1 0 0 0 0 0 1 0 0 0 0 0 0 0 0 0 0 0 0 0 0 0 0 0 0 0 0 0 0
 0 0 0 0 0 0 0 0 0 0 0 0 0 0 0 0 0 0 0 0 0 0 0 0 0 0 0 0 0 1 0 0 0 0 0 0 0
 0 0 0 0 0 0 0 0 0 0 0 0 1 0 0 0 0 0 0 0 0 0 0 0 0 0 0 0 0 0 0 0 0 0 0 0 0
 0 0 1 0 0 0 0 0 0 0 0 0 0 0 0 0 0 0 0 0 0 0 0 0 0 0 0 0 0 0 0 0 0 0 0 0 0
 0 0 0 0 0 0 0 0 0 0 0 0 0 0 0 0 0 0 0 0 0 0 0 0 0 1 0 0 0 0 0 0 0 0 0 0 0
 0 0 0 0 0 0 0 0 0 0 0 0 0 0 0 0 0 0 0 0 0 0 0 0 0 0 0 0 0 0 0 0 0 0 0 0 0
 0 0 0 0 0 0 0 0 0 0 0 0 0 0 0 0 0 0 1 0 0 0 0 0 0 0 0 0 0 0 0 0 0 0 0 0 0
 0 0 1 0 0 0 0 0 0 0 0 0 0 0 0 0 0 0 0 0 0 0 0 0 0 0 0 0 1 0 1 0 0 0 0 0 0
 0 0 0 0 0 0 0 0 0 0 0 0 1 0 0 0 0 0 0 0 0 0 0 0 0 0 0 0 0 0 0 0 1 0 0 0 0
 0 0 0 0 0 0 0 0 0 0 0 0 0 0 0 0 0 0 0 0 0 0 0 0 0 0 0 0 0 0 0 0 0 0 0 0 0
 0 0 0 0 0 0 0 0 0 0 0 0 0 0 0 0 0 0 0 0 0 0 0 0 0 0 0 0 0 0 0 0 0 0 0 0 1
 0]"
dbscan,7,,,,,0.05789833507327951,10,0.0,correlation,3,0.9034230573895379,0.4645237590106958,5.0,minkowski,0.8340334002020736,"[ 0  1  1  1  1  2  1  1  0  1  3  0  1  1  1  1  0  1  3  0  1  3  4  1
  4  1  4  1  1  0  1  1  0  1  3  1  5  1  1  1  1  5  0  2  5  1  0  0
  5  1  1  4  6  5  1  1  1  1  1  3  0  3  1  0  5  2  1  5  0  1  5  1
  0  2  2  1  0  6  4  1  6  1  1  1  5  1  1  0  6  0  2  1  1  1  1  3
  6  0  1  4  1  1  5  1  1  6  1  3  1  1  3  1  1  1  1  1  0  1  1  1
  1  1  1  4  5  1  1  1  5  1  1  1  5  1  1  5  2  1  1  0 -1  0  0  1
  1  0  0  1  1  1  1  0  6  0  2  3  2  5  6  1  1  0  2  1  2  5  6  1
  3  1  1  5  4  0  1  3  5  6  5  2  6  1  5  1  5  0  3  1  1  6  1  5
  5  4  1  1  1  1  3  5  3  1  1  4  3  5  2  2  2  1  1  2  1  0  3  1
  1  4  2  5  1  1  5  3  0  4  6  5  0  1  5  1  3  1  1  5  0  1  6  1
  1  1  1  0  1  1  0  1  1  1  0  1  1  1  1  1  0  1  1  0  1  1  3  3
  1  4  1  3  0  6  0  1  1  1  0  6  6  0  1  0  0  5  0  0  3  1  5  0
  1  2  0  1  0  6  0  1  2  1  3  0  1  1  1  3  1  1  0  3  5  1  2  1
  1  5  2  5  3  1  1  5  1  1  0  1  1  1  0  1  1  5  4  1  1  0  3  1
  1  4  2  1  6  0  6  1  0  1  1  1  6  2  1  1  1  2  1  1  3  1  0  0
  1  0  1  4  5  1  1  1  6  1  5  5  1  1  0  1  3  0  1  1  5  3  6  6
  3  1  1  5  1  2  5  1  5  1  3  3  5  1  1  1  0  1  0  2  3  1  6  2
  6  5  1  1  0  5  1  1  5  6  2  4  0  2  5  4  1  5  1  5  1  6  1  5
  5  1  3  1  6  0  6  0  5  0  1  1  2  1  1  6  0  0  1  1  4  6  1  5
  1  1  1  1  1  1  6  2  1  1  1  1  4  1  0  2  5  0  3  1  5  0  6  1
  1  0  5  2  1  5  3  0  3  1  5  4  1  5  5  1  1  0  0  1  4  1  0  1
  1  5  0  0  0  2  0  1  1  1  0  1  0  1  1  1  1  3  4  2  5  5  2  6
  1  0  1  1  1  1  0  5  2  4  1  1  1  5  5  0  3  0  4  1  6  0  0  1
  5  1  4  1  3  0  3  5  3  1  4  6  5  1  1  1  6  0  6  1  1  5  1  0
  1  0  5  1  0  1  1  1  1  1  0  6  1  3  5  1  1  1  1  1  2  3  2  6
  4  5  1  0  1  1  4  1  0  0  2  3  1  3  6  1  1  3  1  1  1  5  3  0
  1  1  0  1  6  1  5  5  6  6  1  1  0  3  3  1  1  0  0  0  1  1  1  1
  5  1  6  1  3  2  1  0  5  3  4  1  1  1  0  1  1  1  5  1  5  0  1  0
  6  0  6  1  1  1  4  1  0  2  3  6  1  5  0  1  1  1  2  5  0  1  5  1
  1  5  2  3  6  5  1  0  1  4  6  1  1  0  2  1  0  1  1  5  2  1  3  1
  1  1  5  0  3  5  1  3  1  0  1  1  6  1  5  5  6  1  3  3  5  0  0  3
  5  1  5  5  0  5  1  1  1  2  1  0  1  6  1  3  5  1  5  2  2  4  1  3
  1  1  1  1  1  1  6  2  1  1  3  6  3  3  3  1  1  1  1  1  1  1  0  1
  1  6  6  1  1  2  6  1  3  3  3  5  0  1  1  2  1  1  0  1  1  0  0  1
  0  1  5  1  0  1  1  5  1  3  0  1  5  6  1  1  4  1  3 -1  1  2  5  5
  2  6  0  5  1  2  1  5  2  0  0  5  1  4  1  0  6  2  5  0  0  1  0  5
  1  6  3  0  1  6  5  1  2  1  5  2  1  5  6  4  1  4  1  5  3  1  1  1
  2  1  2  5  3  5  1  5  1  3  6  1  4  3  5  1  1  2  1  1  0  3  1  1
  1  1  2  1  6  3  5  0  4  1  1  6  0  1  1  1  1  1  3  0  1  5  0  1
  0  0  0  1  1  0  0  0  5  3  3  1  2  5  1  1  1  0  0  0  3  1  6  0
  1  1  6  1  2  0  5  1  1  1  1  2  6  1  1  1  1  1  1  1  1  1  1  1
  5  5  5  3  6  2  0  1  5  1  0  1  1  6  4  1]"
dbscan,7,,,,,0.04204574786072489,10,0.0,cosine,3,0.8995199593702388,0.28190850283691227,6.0,chebyshev,0.9047418242686658,"[0 1 1 1 1 2 1 1 0 1 3 0 1 1 1 1 0 1 3 0 1 3 4 1 4 1 4 1 1 0 1 1 0 1 3 1 5
 1 1 1 1 5 0 2 5 1 0 0 5 1 1 4 6 5 1 1 1 1 1 3 0 3 1 0 5 2 1 5 0 1 5 1 0 2
 2 1 0 6 4 1 6 1 1 1 5 1 1 0 6 0 2 1 1 1 1 3 6 0 1 4 1 1 5 1 1 6 1 3 1 1 3
 1 1 1 1 1 0 1 1 1 1 1 1 4 5 1 1 1 5 1 1 1 5 1 1 5 2 1 1 0 1 0 0 1 1 0 0 1
 1 1 1 0 6 0 2 3 2 1 6 1 1 0 2 1 2 5 6 1 3 1 1 5 4 0 1 3 5 6 5 2 6 1 5 1 5
 0 3 1 1 6 1 5 5 4 1 1 1 1 3 5 3 1 1 4 3 0 2 2 2 1 1 2 1 0 3 1 1 4 2 5 1 1
 5 3 0 4 6 5 0 1 5 1 3 1 1 5 0 1 6 1 1 1 1 0 1 1 0 1 1 1 0 1 1 1 1 1 0 1 1
 0 1 1 3 3 1 4 1 3 0 6 0 1 1 1 0 6 6 0 1 0 0 5 0 0 3 1 5 0 1 2 0 1 0 6 0 1
 2 1 3 0 1 1 1 3 1 1 0 3 5 1 2 1 1 5 2 5 3 1 1 5 1 1 0 1 1 1 0 1 1 5 4 1 1
 0 3 1 1 4 2 1 6 0 6 1 0 1 1 1 6 2 1 1 1 2 1 1 3 1 0 0 1 0 1 4 5 1 1 1 6 1
 5 5 1 1 0 1 3 0 1 1 0 3 6 6 3 1 1 5 1 2 5 1 5 1 3 3 5 1 1 1 0 1 0 2 3 1 6
 2 6 5 1 1 0 5 1 1 5 6 2 4 0 2 5 4 1 5 1 5 1 6 1 5 5 1 3 1 6 0 6 0 5 0 1 1
 2 1 1 6 0 0 1 1 4 6 1 5 1 1 1 1 1 1 6 2 1 1 1 1 4 1 0 2 5 0 3 1 5 0 6 1 1
 0 5 2 1 5 3 0 3 1 5 4 1 5 5 1 1 0 0 1 4 1 0 1 1 5 0 0 0 2 0 1 1 1 0 1 0 1
 1 1 1 3 4 2 1 5 2 6 1 0 1 1 1 1 0 1 2 4 1 1 1 5 5 0 3 0 4 1 6 0 0 1 5 1 4
 1 3 0 3 5 3 1 4 6 5 1 1 1 6 0 6 1 1 5 1 0 1 0 5 1 3 1 1 1 1 1 0 6 1 3 5 1
 1 1 1 1 2 3 2 6 4 5 1 0 1 1 4 1 0 5 2 3 1 3 6 1 1 3 1 1 1 1 3 0 1 1 0 1 6
 1 5 1 6 6 1 1 0 3 3 1 1 0 0 0 1 1 1 1 5 1 6 1 3 2 1 0 5 3 4 1 1 1 0 1 1 1
 5 1 5 0 1 0 6 0 6 1 1 1 4 1 0 2 3 6 1 5 0 1 1 1 2 5 0 1 5 1 1 5 2 3 6 5 1
 0 1 4 6 1 1 0 2 1 0 1 1 5 2 1 3 1 1 1 5 0 3 5 1 3 1 0 1 1 6 1 5 5 6 1 3 3
 5 0 0 3 5 1 5 5 0 5 1 1 1 2 1 0 1 6 1 3 5 1 3 2 2 4 1 3 1 1 1 1 1 1 6 2 1
 1 3 6 3 3 3 1 1 1 1 1 1 1 0 1 1 6 6 1 1 2 6 1 3 3 3 5 0 1 1 2 1 1 0 1 1 0
 0 1 0 1 5 1 0 1 1 5 1 3 0 1 5 6 1 1 4 1 3 1 1 2 5 5 2 6 0 5 1 2 1 5 2 0 0
 5 1 4 1 0 6 2 5 0 0 1 0 5 1 6 3 0 1 6 5 1 2 1 5 2 1 5 6 4 1 4 1 5 3 1 1 1
 2 1 2 5 3 5 1 5 1 3 6 1 4 3 5 1 1 2 1 1 0 3 1 1 1 1 2 1 6 3 5 0 4 1 1 6 0
 1 1 1 1 1 3 0 1 5 0 1 0 0 0 1 1 0 0 0 5 3 3 1 2 5 1 1 1 0 0 0 3 1 6 0 1 1
 6 1 2 0 5 1 1 1 1 2 6 1 1 1 1 1 1 1 1 1 1 1 5 5 5 3 6 2 0 1 1 1 0 1 1 6 4
 1]"
dbscan,3,,,,,0.06272920589498968,25,0.0,correlation,3,0.8971169646569647,0.2643673669829377,6.0,correlation,0.9997174236299935,"[0 1 1 1 1 1 1 1 0 1 0 0 1 1 1 1 0 1 0 0 1 0 2 1 2 1 2 1 1 0 1 1 0 1 0 1 0
 1 1 1 1 0 0 1 0 1 0 0 0 1 1 2 1 0 1 1 1 1 1 0 0 0 1 0 0 1 1 0 0 1 0 1 0 1
 1 1 0 1 2 1 1 1 1 1 0 1 1 0 1 0 1 1 1 1 1 0 1 0 1 2 1 1 0 1 1 1 1 0 1 1 0
 1 1 1 1 1 0 1 1 1 1 1 1 2 0 1 1 1 0 1 1 1 0 1 1 0 1 1 1 0 1 0 0 1 1 0 0 1
 1 1 1 0 1 0 1 0 1 0 1 1 1 0 1 1 1 0 1 1 0 1 1 0 2 0 1 0 0 1 0 1 1 1 0 1 0
 0 0 1 1 1 1 0 0 2 1 1 1 1 0 0 0 1 1 2 0 0 1 1 1 1 1 1 1 0 0 1 1 2 1 0 1 1
 0 0 0 2 1 0 0 1 0 1 0 1 1 0 0 1 1 1 1 1 1 0 1 1 0 1 1 1 0 1 1 1 1 1 0 1 1
 0 1 1 0 0 1 2 1 0 0 1 0 1 1 1 0 1 1 0 1 0 0 0 0 0 0 1 0 0 1 1 0 1 0 1 0 1
 1 1 0 0 1 1 1 0 1 1 0 0 0 1 1 1 1 0 1 0 0 1 1 0 1 1 0 1 1 1 0 1 1 0 2 1 1
 0 0 1 1 2 1 1 1 0 1 1 0 1 1 1 1 1 1 1 1 1 1 1 0 1 0 0 1 0 1 2 0 1 1 1 1 1
 0 0 1 1 0 1 0 0 1 1 0 0 1 1 0 1 1 0 1 1 0 1 0 1 0 0 0 1 1 1 0 1 0 1 0 1 1
 1 1 0 1 1 0 0 1 1 0 1 1 2 0 1 0 2 1 0 1 0 1 1 1 0 0 1 0 1 1 0 1 0 0 0 1 1
 1 1 1 1 0 0 1 1 2 1 1 0 1 1 1 1 1 1 1 1 1 1 1 1 2 1 0 1 0 0 0 1 0 0 1 1 1
 0 0 1 1 0 0 0 0 1 0 2 1 0 0 1 1 0 0 1 2 1 0 1 1 0 0 0 0 1 0 1 1 1 0 1 0 1
 1 1 1 0 2 1 0 0 1 1 1 0 1 1 1 1 0 0 1 2 1 1 1 0 0 0 0 0 2 1 1 0 0 1 0 1 2
 1 0 0 0 0 0 1 2 1 0 1 1 1 1 0 1 1 1 0 1 0 1 0 0 1 0 1 1 1 1 1 0 1 1 0 0 1
 1 1 1 1 1 0 1 1 2 0 1 0 1 1 2 1 0 0 1 0 1 0 1 1 1 0 1 1 1 0 0 0 1 1 0 1 1
 1 0 1 1 1 1 1 0 0 0 1 1 0 0 0 1 1 1 1 0 1 1 1 0 1 1 0 0 0 2 1 1 1 0 1 1 1
 0 1 0 0 1 0 1 0 1 1 1 1 2 1 0 1 0 1 1 0 0 1 1 1 1 0 0 1 0 1 1 0 1 0 1 0 1
 0 1 2 1 1 1 0 1 1 0 1 1 0 1 1 0 1 1 1 0 0 0 0 1 0 1 0 1 1 1 1 0 0 1 1 0 0
 0 0 0 0 0 1 0 0 0 0 1 1 1 1 1 0 1 1 1 0 0 1 0 1 1 2 1 0 1 1 1 1 1 1 1 1 1
 1 0 1 0 0 0 1 1 1 1 1 1 1 0 1 1 1 1 1 1 1 1 1 0 0 0 0 0 1 1 1 1 1 0 1 1 0
 0 1 0 1 0 1 0 1 1 0 1 0 0 1 0 1 1 1 2 1 0 1 1 1 0 0 1 1 0 0 1 1 1 0 1 0 0
 0 1 2 1 0 1 1 0 0 0 1 0 0 1 1 0 0 1 1 0 1 1 1 0 1 1 0 1 2 1 2 1 0 0 1 1 1
 1 1 1 0 0 0 1 0 1 0 1 1 2 0 0 1 1 1 1 1 0 0 1 1 1 1 1 1 1 0 0 0 2 1 1 1 0
 1 1 1 1 1 0 0 1 0 0 1 0 0 0 1 1 0 0 0 0 0 0 1 1 0 1 1 1 0 0 0 0 1 1 0 1 1
 1 1 1 0 0 1 1 1 1 1 1 1 1 1 1 1 1 1 1 1 1 1 0 0 0 0 1 1 0 1 0 1 0 1 1 1 2
 1]"
dbscan,4,,,,,0.028256154156505536,25,0.0,cosine,3,0.9051527234927235,0.19466234556073544,6.0,cosine,0.9987557995077854,"[0 1 1 1 1 2 1 1 0 1 0 0 1 1 1 1 0 1 0 0 1 0 3 1 3 1 3 1 1 0 1 1 0 1 0 1 1
 1 1 1 1 1 0 2 1 1 0 0 1 1 1 3 2 1 1 1 1 1 1 0 0 0 1 0 1 2 1 1 0 1 1 1 0 2
 2 1 0 2 3 1 2 1 1 1 1 1 1 0 2 0 2 1 1 1 1 0 2 0 1 3 1 1 1 1 1 2 1 0 1 1 0
 1 1 1 1 1 0 1 1 1 1 1 1 3 1 1 1 1 1 1 1 1 1 1 1 1 2 1 1 0 1 0 0 1 1 0 0 1
 1 1 1 0 2 0 2 0 2 1 2 1 1 0 2 1 2 1 2 1 0 1 1 1 3 0 1 0 1 2 1 2 2 1 1 1 1
 0 0 1 1 2 1 1 1 3 1 1 1 1 0 1 0 1 1 3 0 0 2 2 2 1 1 2 1 0 0 1 1 3 2 1 1 1
 1 0 0 3 2 1 0 1 1 1 0 1 1 1 0 1 2 1 1 1 1 0 1 1 0 1 1 1 0 1 1 1 1 1 0 1 1
 0 1 1 0 0 1 3 1 0 0 2 0 1 1 1 0 2 2 0 1 0 0 1 0 0 0 1 1 0 1 2 0 1 0 2 0 1
 2 1 0 0 1 1 1 0 1 1 0 0 1 1 2 1 1 1 2 1 0 1 1 1 1 1 0 1 1 1 0 1 1 1 3 1 1
 0 0 1 1 3 2 1 2 0 2 1 0 1 1 1 2 2 1 1 1 2 1 1 0 1 0 0 1 0 1 3 1 1 1 1 2 1
 1 1 1 1 0 1 0 0 1 1 0 0 2 2 0 1 1 1 1 2 1 1 1 1 0 0 1 1 1 1 0 1 0 2 0 1 2
 2 2 1 1 1 0 1 1 1 1 2 2 3 0 2 1 3 1 1 1 1 1 2 1 1 1 1 0 1 2 0 2 0 1 0 1 1
 2 1 1 2 0 0 1 1 3 2 1 1 1 1 1 1 1 1 2 2 1 1 1 1 3 1 0 2 1 0 0 1 1 0 2 1 1
 0 1 2 1 1 0 0 0 1 1 3 1 1 1 1 1 0 0 1 3 1 0 1 1 1 0 0 0 2 0 1 1 1 0 1 0 1
 1 1 1 0 3 2 1 1 2 2 1 0 1 1 1 1 0 1 2 3 1 1 1 1 1 0 0 0 3 1 2 0 0 1 1 1 3
 1 0 0 0 1 0 1 3 2 1 1 1 1 2 0 2 1 1 1 1 0 1 0 1 1 0 1 1 1 1 1 0 2 1 0 1 1
 1 1 1 1 2 0 2 2 3 1 1 0 1 1 3 1 0 1 2 0 1 0 2 1 1 0 1 1 1 1 0 0 1 1 0 1 2
 1 1 1 2 2 1 1 0 0 0 1 1 0 0 0 1 1 1 1 1 1 2 1 0 2 1 0 1 0 3 1 1 1 0 1 1 1
 1 1 1 0 1 0 2 0 2 1 1 1 3 1 0 2 0 2 1 1 0 1 1 1 2 1 0 1 1 1 1 1 2 0 2 1 1
 0 1 3 2 1 1 0 2 1 0 1 1 1 2 1 0 1 1 1 1 0 0 1 1 0 1 0 1 1 2 1 1 1 2 1 0 0
 1 0 0 0 1 1 1 1 0 1 1 1 1 2 1 0 1 2 1 0 1 1 0 2 2 3 1 0 1 1 1 1 1 1 2 2 1
 1 0 2 0 0 0 1 1 1 1 1 1 1 0 1 1 2 2 1 1 2 2 1 0 0 0 1 0 1 1 2 1 1 0 1 1 0
 0 1 0 1 1 1 0 1 1 1 1 0 0 1 1 2 1 1 3 1 0 1 1 2 1 1 2 2 0 1 1 2 1 1 2 0 0
 1 1 3 1 0 2 2 1 0 0 1 0 1 1 2 0 0 1 2 1 1 2 1 1 2 1 1 2 3 1 3 1 1 0 1 1 1
 2 1 2 1 0 1 1 1 1 0 2 1 3 0 1 1 1 2 1 1 0 0 1 1 1 1 2 1 2 0 1 0 3 1 1 2 0
 1 1 1 1 1 0 0 1 1 0 1 0 0 0 1 1 0 0 0 1 0 0 1 2 1 1 1 1 0 0 0 0 1 2 0 1 1
 2 1 2 0 1 1 1 1 1 2 2 1 1 1 1 1 1 1 1 1 1 1 1 1 1 0 2 2 0 1 1 1 0 1 1 2 3
 1]"
dbscan,3,,,,,0.07276502574178102,50,0.0,correlation,3,0.8987474526771227,0.2491993615811804,6.0,correlation,0.9997245328450204,"[0 1 1 1 1 1 1 1 0 1 0 0 1 1 1 1 0 1 0 0 1 0 2 1 2 1 2 1 1 0 1 1 0 1 0 1 0
 1 1 1 1 0 0 1 0 1 0 0 0 1 1 2 1 0 1 1 1 1 1 0 0 0 1 0 0 1 1 0 0 1 0 1 0 1
 1 1 0 1 2 1 1 1 1 1 0 1 1 0 1 0 1 1 1 1 1 0 1 0 1 2 1 1 0 1 1 1 1 0 1 1 0
 1 1 1 1 1 0 1 1 1 1 1 1 2 0 1 1 1 0 1 1 1 0 1 1 0 1 1 1 0 1 0 0 1 1 0 0 1
 1 1 1 0 1 0 1 0 1 0 1 1 1 0 1 1 1 0 1 1 0 1 1 0 2 0 1 0 0 1 0 1 1 1 0 1 0
 0 0 1 1 1 1 0 0 2 1 1 1 1 0 0 0 1 1 2 0 0 1 1 1 1 1 1 1 0 0 1 1 2 1 0 1 1
 0 0 0 2 1 0 0 1 0 1 0 1 1 0 0 1 1 1 1 1 1 0 1 1 0 1 1 1 0 1 1 1 1 1 0 1 1
 0 1 1 0 0 1 2 1 0 0 1 0 1 1 1 0 1 1 0 1 0 0 0 0 0 0 1 0 0 1 1 0 1 0 1 0 1
 1 1 0 0 1 1 1 0 1 1 0 0 0 1 1 1 1 0 1 0 0 1 1 0 1 1 0 1 1 1 0 1 1 0 2 1 1
 0 0 1 1 2 1 1 1 0 1 1 0 1 1 1 1 1 1 1 1 1 1 1 0 1 0 0 1 0 1 2 0 1 1 1 1 1
 0 0 1 1 0 1 0 0 1 1 0 0 1 1 0 1 1 0 1 1 0 1 0 1 0 0 0 1 1 1 0 1 0 1 0 1 1
 1 1 0 1 1 0 0 1 1 0 1 1 2 0 1 0 2 1 0 1 0 1 1 1 0 0 1 0 1 1 0 1 0 0 0 1 1
 1 1 1 1 0 0 1 1 2 1 1 0 1 1 1 1 1 1 1 1 1 1 1 1 2 1 0 1 0 0 0 1 0 0 1 1 1
 0 0 1 1 0 0 0 0 1 0 2 1 0 0 1 1 0 0 1 2 1 0 1 1 0 0 0 0 1 0 1 1 1 0 1 0 1
 1 1 1 0 2 1 0 0 1 1 1 0 1 1 1 1 0 0 1 2 1 1 1 0 0 0 0 0 2 1 1 0 0 1 0 1 2
 1 0 0 0 0 0 1 2 1 0 1 1 1 1 0 1 1 1 0 1 0 1 0 0 1 0 1 1 1 1 1 0 1 1 0 0 1
 1 1 1 1 1 0 1 1 2 0 1 0 1 1 2 1 0 0 1 0 1 0 1 1 1 0 1 1 1 0 0 0 1 1 0 1 1
 1 0 0 1 1 1 1 0 0 0 1 1 0 0 0 1 1 1 1 0 1 1 1 0 1 1 0 0 0 2 1 1 1 0 1 1 1
 0 1 0 0 1 0 1 0 1 1 1 1 2 1 0 1 0 1 1 0 0 1 1 1 1 0 0 1 0 1 1 0 1 0 1 0 1
 0 1 2 1 1 1 0 1 1 0 1 1 0 1 1 0 1 1 1 0 0 0 0 1 0 1 0 1 1 1 1 0 0 1 1 0 0
 0 0 0 0 0 1 0 0 0 0 1 1 1 1 1 0 1 1 1 0 0 1 0 1 1 2 1 0 1 1 1 1 1 1 1 1 1
 1 0 1 0 0 0 1 1 1 1 1 1 1 0 1 1 1 1 1 1 1 0 1 0 0 0 0 0 1 1 1 1 1 0 1 1 0
 0 1 0 1 0 1 0 1 1 0 1 0 0 1 0 1 1 1 2 1 0 1 1 1 0 0 1 1 0 0 1 1 1 0 1 0 0
 0 1 2 1 0 1 1 0 0 0 1 0 0 1 1 0 0 1 1 0 1 1 1 0 1 1 0 1 2 1 2 1 0 0 1 1 1
 1 1 1 0 0 0 1 0 1 0 1 1 2 0 0 1 1 1 1 1 0 0 1 1 1 1 1 1 1 0 0 0 2 1 1 1 0
 1 1 1 1 1 0 0 1 0 0 1 0 0 0 1 1 0 0 0 0 0 0 1 1 0 1 1 1 0 0 0 0 1 1 0 1 1
 1 1 1 0 0 1 1 1 1 1 1 1 1 1 1 1 1 1 1 1 1 1 0 0 0 0 1 1 0 1 0 1 0 1 1 1 2
 1]"
dbscan,5,,,,,0.03891001348028234,50,0.0,cosine,3,0.897263645213629,0.4946140331559249,6.0,chebyshev,0.9737500564713674,"[ 0  1  1  1  1  2  1  1  0  1  0  0  1  1  1  1  0  1  0  0  1  0  3  1
  3  1  3  1  1  0  1  1  0  1  0  1  4  1  1  1  1  4  0  2  4  1  0  0
  4  1  1  3  2  4  1  1  1  1  1  0  0  0  1  0  4  2  1  4  0  1  4  1
  0  2  2  1  0  2  3  1  2  1  1  1  4  1  1  0  2  0  2  1  1  1  1  0
  2  0  1  3  1  1  4  1  1  2  1  0  1  1  0  1  1  1  1  1  0  1  1  1
  1  1  1  3  4  1  1  1  4  1  1  1  4  1  1  4  2  1  1  0  1  0  0  1
  1  0  0  1  1  1  1  0  2  0  2  0  2  4  2  1  1  0  2  1  2  4  2  1
  0  1  1  4  3  0  1  0  4  2  4  2  2  1  4  1  4  0  0  1  1  2  1  4
  4  3  1  1  1  1  0  4  0  1  1  3  0  0  2  2  2  1  1  2  1  0  0  1
  1  3  2  4  1  1  4  0  0  3  2  4  0  1  4  1  0  1  1  4  0  1  2  1
  1  1  1  0  1  1  0  1  1  1  0  1  1  1  1  1  0  1  1  0  1  1  0  0
  1  3  1  0  0  2  0  1  1  1  0  2  2  0  1  0  0  4  0  0  0  1  4  0
  1  2  0  1  0  2  0  1  2  1  0  0  1  1  1  0  1  1  0  0  4  1  2  1
  1  4  2  4  0  1  1  4  1  1  0  1  1  1  0  1  1  4  3  1  1  0  0  1
  1  3  2  1  2  0  2  1  0  1  1  1  2  2  1  1  1  2  1  1  0  1  0  0
  1  0  1  3  4  1  1  1  2  1  4  4  1  1  0  1  0  0  1  1  0  0  2  2
  0  1  1  4  1  2  4  1  4  1  0  0  4  1  1  1  0  1  0  2  0  1  2  2
  2  4  1  1  0  4  1  1  4  2  2  3  0  2  4  3  1  4  1  4  1  2  1  4
  4  1  0  1  2  0  2  0  4  0  1  1  2  1  1  2  0  0  1  1  3  2  1  4
  1  1  1  1  1  1  2  2  1  1  1  1  3  1  0  2  4  0  0  1  4  0  2  1
  1  0  4  2  1  4  0  0  0  1  4  3  1  4  4  1  1  0  0  1  3  1  0  1
  1  4  0  0  0  2  0  1  1  1  0  1  0  1  1  1  1  0  3  2  1  4  2  2
  1  0  1  1  1  1  0  4  2  3  1  1  1  4  4  0  0  0  3  1  2  0  0  1
  4  1  3  1  0  0  0  4  0  1  3  2  4  1  1  1  2  0  2  1  1  4  1  0
  1  0  4  1  0  1  1  1  1  1  0  2  1  0  4  1  1  1  1  1  2  0  2  2
  3  4  1  0  1  1  3  1  0  0  2  0  1  0  2  1  1  0  1  1  1  4  0  0
  1  1  0  1  2  1  4  1  2  2  1  1  0  0  0  1  1  0  0  0  1  1  1  1
  4  1  2  1  0  2  1  0  4  0  3  1  1  1  0  1  1  1  4  1  4  0  1  0
  2  0  2  1  1  1  3  1  0  2  0  2  1  4  0  1  1  1  2  4  0  1  4  1
  1  4  2  0  2  4  1  0  1  3  2  1  1  0  2  1  0  1  1  4  2  1  0  1
  1  1  4  0  0  4  1  0  1  0  1  1  2  1  4  4  2  1  0  0  4  0  0  0
  4  1  4  4  0  4  1  1  1  2  1  0  1  2  1  0  4  1  0  2  2  3  1  0
  1  1  1  1  1  1  2  2  1  1  0  2  0  0  0  1  1  1  1  1  1  1  0  1
  1  2  2  1  1  2  2  1  0  0  0  4  0  1  1  2  1  1  0  1  1  0  0  1
  0  1  4  1  0  1  1  4  1  0  0  1  4  2  1  1  3  1  0  1  1  2  4  4
  2  2  0  4  1  2  1  4  2  0  0  4  1  3  1  0  2  2  4  0  0  1  0  4
  1  2  0  0  1  2  4  1  2  1  4  2  1  4  2  3  1  3  1  4  0  1  1  1
  2  1  2  4  0  4  1  4  1  0  2  1  3  0  4  1  1  2  1  1  0  0  1  1
  1  1  2  1  2  0  4  0  3  1  1  2  0  1  1  1  1  1  0  0  1  4  0  1
  0  0  0  1  1  0  0  0  4  0  0  1  2  4  1  1  1  0  0  0  0  1  2  0
  1  1  2  1  2  0  4  1  1  1  1  2  2  1  1  1  1  1  1  1  1  1  1  1
  4  4  4  0  2  2  0  1  1 -1  0  1  1  2  3  1]"
dbscan,3,,,,,0.06783293234396341,100,0.0,correlation,3,0.9024937963507946,0.23841097535177888,5.0,correlation,0.9932780225810219,"[0 1 1 1 1 1 1 1 0 1 0 0 1 1 1 1 0 1 0 0 1 0 2 1 2 1 2 1 1 0 1 1 0 1 0 1 0
 1 1 1 1 0 0 1 0 1 0 0 0 1 1 2 1 0 1 1 1 1 1 0 0 0 1 0 0 1 1 0 0 1 0 1 0 1
 1 1 0 1 2 1 1 1 1 1 0 1 1 0 1 0 1 1 1 1 1 0 1 0 1 2 1 1 0 1 1 1 1 0 1 1 0
 1 1 1 1 1 0 1 1 1 1 1 1 2 0 1 1 1 0 1 1 1 0 1 1 0 1 1 1 0 1 0 0 1 1 0 0 1
 1 1 1 0 1 0 1 0 1 0 1 1 1 0 1 1 1 0 1 1 0 1 1 0 2 0 1 0 0 1 0 1 1 1 0 1 0
 0 0 1 1 1 1 0 0 2 1 1 1 1 0 0 0 1 1 2 0 0 1 1 1 1 1 1 1 0 0 1 1 2 1 0 1 1
 0 0 0 2 1 0 0 1 0 1 0 1 1 0 0 1 1 1 1 1 1 0 1 1 0 1 1 1 0 1 1 1 1 1 0 1 1
 0 1 1 0 0 1 2 1 0 0 1 0 1 1 1 0 1 1 0 1 0 0 0 0 0 0 1 0 0 1 1 0 1 0 1 0 1
 1 1 0 0 1 1 1 0 1 1 0 0 0 1 1 1 1 0 1 0 0 1 1 0 1 1 0 1 1 1 0 1 1 0 2 1 1
 0 0 1 1 2 1 1 1 0 1 1 0 1 1 1 1 1 1 1 1 1 1 1 0 1 0 0 1 0 1 2 0 1 1 1 1 1
 0 0 1 1 0 1 0 0 1 1 0 0 1 1 0 1 1 0 1 1 0 1 0 1 0 0 0 1 1 1 0 1 0 1 0 1 1
 1 1 0 1 1 0 0 1 1 0 1 1 2 0 1 0 2 1 0 1 0 1 1 1 0 0 1 0 1 1 0 1 0 0 0 1 1
 1 1 1 1 0 0 1 1 2 1 1 0 1 1 1 1 1 1 1 1 1 1 1 1 2 1 0 1 0 0 0 1 0 0 1 1 1
 0 0 1 1 0 0 0 0 1 0 2 1 0 0 1 1 0 0 1 2 1 0 1 1 0 0 0 0 1 0 1 1 1 0 1 0 1
 1 1 1 0 2 1 0 0 1 1 1 0 1 1 1 1 0 0 1 2 1 1 1 0 0 0 0 0 2 1 1 0 0 1 0 1 2
 1 0 0 0 0 0 1 2 1 0 1 1 1 1 0 1 1 1 0 1 0 1 0 0 1 0 1 1 1 1 1 0 1 1 0 0 1
 1 1 1 1 1 0 1 1 2 0 1 0 1 1 2 1 0 0 1 0 1 0 1 1 1 0 1 1 1 0 0 0 1 1 0 1 1
 1 0 1 1 1 1 1 0 0 0 1 1 0 0 0 1 1 1 1 0 1 1 1 0 1 1 0 0 0 2 1 1 1 0 1 1 1
 0 1 0 0 1 0 1 0 1 1 1 1 2 1 0 1 0 1 1 0 0 1 1 1 1 0 0 1 0 1 1 0 1 0 1 0 1
 0 1 2 1 1 1 0 1 1 0 1 1 0 1 1 0 1 1 1 0 0 0 0 1 0 1 0 1 1 1 1 0 0 1 1 0 0
 0 0 0 0 0 1 0 0 0 0 1 1 1 1 1 0 1 1 1 0 0 1 0 1 1 2 1 0 1 1 1 1 1 1 1 1 1
 1 0 1 0 0 0 1 1 1 1 1 1 1 0 1 1 1 1 1 1 1 0 1 0 0 0 0 0 1 1 1 1 1 0 1 1 0
 0 1 0 1 0 1 0 1 1 0 1 0 0 1 0 1 1 1 2 1 0 1 1 1 0 0 1 1 0 0 1 1 1 0 1 0 0
 0 1 2 1 0 1 1 0 0 0 1 0 0 1 1 0 0 1 1 0 1 1 1 0 1 1 0 1 2 1 2 1 0 0 1 1 1
 1 1 1 0 0 0 1 0 1 0 1 1 2 0 0 1 1 1 1 1 0 0 1 1 1 1 1 1 1 0 0 0 2 1 1 1 0
 1 1 1 1 1 0 0 1 0 0 1 0 0 0 1 1 0 0 0 0 0 0 1 1 0 1 1 1 0 0 0 0 1 1 0 1 1
 1 1 1 0 0 1 1 1 1 1 1 1 1 1 1 1 1 1 1 1 1 1 0 0 0 0 1 1 0 1 1 1 0 1 1 1 2
 1]"
dbscan,2,,,,,0.03129599066055156,100,0.0,cosine,3,0.8945920894643908,0.2945337593508461,6.0,correlation,0.9990894199306748,"[0 1 1 1 1 1 1 1 0 1 0 0 1 1 1 1 0 1 0 0 1 0 0 1 0 1 0 1 1 0 1 1 0 1 0 1 1
 1 1 1 1 1 0 1 1 1 0 0 1 1 1 0 1 1 1 1 1 1 1 0 0 0 1 0 1 1 1 1 0 1 1 1 0 1
 1 1 0 1 0 1 1 1 1 1 1 1 1 0 1 0 1 1 1 1 1 0 1 0 1 0 1 1 1 1 1 1 1 0 1 1 0
 1 1 1 1 1 0 1 1 1 1 1 1 0 1 1 1 1 1 1 1 1 1 1 1 1 1 1 1 0 1 0 0 1 1 0 0 1
 1 1 1 0 1 0 1 0 1 1 1 1 1 0 1 1 1 1 1 1 0 1 1 1 0 0 1 0 1 1 1 1 1 1 1 1 1
 0 0 1 1 1 1 1 1 0 1 1 1 1 0 1 0 1 1 0 0 0 1 1 1 1 1 1 1 0 0 1 1 0 1 1 1 1
 1 0 0 0 1 1 0 1 1 1 0 1 1 1 0 1 1 1 1 1 1 0 1 1 0 1 1 1 0 1 1 1 1 1 0 1 1
 0 1 1 0 0 1 0 1 0 0 1 0 1 1 1 0 1 1 0 1 0 0 1 0 0 0 1 1 0 1 1 0 1 0 1 0 1
 1 1 0 0 1 1 1 0 1 1 0 0 1 1 1 1 1 1 1 1 0 1 1 1 1 1 0 1 1 1 0 1 1 1 0 1 1
 0 0 1 1 0 1 1 1 0 1 1 0 1 1 1 1 1 1 1 1 1 1 1 0 1 0 0 1 0 1 0 1 1 1 1 1 1
 1 1 1 1 0 1 0 0 1 1 0 0 1 1 0 1 1 1 1 1 1 1 1 1 0 0 1 1 1 1 0 1 0 1 0 1 1
 1 1 0 1 1 0 1 1 1 1 1 1 0 0 1 1 0 1 1 1 1 1 1 1 1 1 1 0 1 1 0 1 0 1 0 1 1
 1 1 1 1 0 0 1 1 0 1 1 1 1 1 1 1 1 1 1 1 1 1 1 1 0 1 0 1 1 0 0 1 1 0 1 1 1
 0 1 1 1 1 0 0 0 1 1 0 1 1 1 1 1 0 0 1 0 1 0 1 1 1 0 0 0 1 0 1 1 1 0 1 0 1
 1 1 1 0 0 1 1 1 1 1 1 0 1 1 1 1 0 1 1 0 1 1 1 1 1 0 0 0 0 1 1 0 0 1 1 1 0
 1 0 0 0 1 0 1 0 1 1 1 1 1 1 0 1 1 1 1 1 0 1 0 1 1 0 1 1 1 1 1 0 1 1 0 1 1
 1 1 1 1 1 0 1 1 0 1 1 0 1 1 0 1 0 1 1 0 1 0 1 1 1 0 1 1 1 1 0 0 1 1 0 1 1
 1 1 1 1 1 1 1 0 0 0 1 1 0 0 0 1 1 1 1 1 1 1 1 0 1 1 0 1 0 0 1 1 1 0 1 1 1
 1 1 1 0 1 0 1 0 1 1 1 1 0 1 0 1 0 1 1 1 0 1 1 1 1 1 0 1 0 1 1 1 1 0 1 1 1
 0 1 0 1 1 1 0 1 1 0 1 1 1 1 1 0 1 1 1 1 0 0 1 1 0 1 0 1 1 1 1 1 1 1 1 0 0
 1 0 0 0 1 1 1 1 0 1 1 1 1 1 1 0 1 1 1 0 1 1 0 1 1 0 1 0 1 1 1 1 1 1 1 1 1
 1 0 1 0 0 0 1 1 1 1 1 1 1 0 1 1 1 1 1 1 1 1 1 0 0 0 1 0 1 1 1 1 1 0 1 1 0
 0 1 0 1 1 1 0 1 1 1 1 0 0 1 1 1 1 1 0 1 0 1 1 1 1 1 1 1 0 1 1 1 1 1 1 0 0
 1 1 0 1 0 1 1 1 0 0 1 0 1 1 1 0 0 1 1 1 1 1 1 1 1 1 1 1 0 1 0 1 1 0 1 1 1
 1 1 1 1 0 1 1 1 1 0 1 1 0 0 1 1 1 1 1 1 0 0 1 1 1 1 1 1 1 0 1 0 0 1 1 1 0
 1 1 1 1 1 0 0 1 1 0 1 0 0 0 1 1 0 0 0 1 0 0 1 1 1 1 1 1 0 0 0 0 1 1 0 1 1
 1 1 1 0 1 1 1 1 1 1 1 1 1 1 1 1 1 1 1 1 1 1 1 1 1 0 1 1 0 1 1 1 0 1 1 1 0
 1]"
dbscan,3,,,,,0.08001341009634506,200,0.0,correlation,3,0.8740098927805575,0.2687538892469448,5.0,correlation,0.9936020449629822,"[0 1 1 1 1 1 1 1 0 1 0 0 1 1 1 1 0 1 0 0 1 0 2 1 2 1 2 1 1 0 1 1 0 1 0 1 0
 1 1 1 1 0 0 1 0 1 0 0 0 1 1 2 1 0 1 1 1 1 1 0 0 0 1 0 0 1 1 0 0 1 0 1 0 1
 1 1 0 1 2 1 1 1 1 1 0 1 1 0 1 0 1 1 1 1 1 0 1 0 1 2 1 1 0 1 1 1 1 0 1 1 0
 1 1 1 1 1 0 1 1 1 1 1 1 2 0 1 1 1 0 1 1 1 0 1 1 0 1 1 1 0 1 0 0 1 1 0 0 1
 1 1 1 0 1 0 1 0 1 0 1 1 1 0 1 1 1 0 1 1 0 1 1 0 2 0 1 0 0 1 0 1 1 1 0 1 0
 0 0 1 1 1 1 0 0 2 1 1 1 1 0 0 0 1 1 2 0 0 1 1 1 1 1 1 1 0 0 1 1 2 1 0 1 1
 0 0 0 2 1 0 0 1 0 1 0 1 1 0 0 1 1 1 1 1 1 0 1 1 0 1 1 1 0 1 1 1 1 1 0 1 1
 0 1 1 0 0 1 2 1 0 0 1 0 1 1 1 0 1 1 0 1 0 0 0 0 0 0 1 0 0 1 1 0 1 0 1 0 1
 1 1 0 0 1 1 1 0 1 1 0 0 0 1 1 1 1 0 1 0 0 1 1 0 1 1 0 1 1 1 0 1 1 0 2 1 1
 0 0 1 1 2 1 1 1 0 1 1 0 1 1 1 1 1 1 1 1 1 1 1 0 1 0 0 1 0 1 2 0 1 1 1 1 1
 0 0 1 1 0 1 0 0 1 1 0 0 1 1 0 1 1 0 1 1 0 1 0 1 0 0 0 1 1 1 0 1 0 1 0 1 1
 1 1 0 1 1 0 0 1 1 0 1 1 2 0 1 0 2 1 0 1 0 1 1 1 0 0 1 0 1 1 0 1 0 0 0 1 1
 1 1 1 1 0 0 1 1 2 1 1 0 1 1 1 1 1 1 1 1 1 1 1 1 2 1 0 1 0 0 0 1 0 0 1 1 1
 0 0 1 1 0 0 0 0 1 0 2 1 0 0 1 1 0 0 1 2 1 0 1 1 0 0 0 0 1 0 1 1 1 0 1 0 1
 1 1 1 0 2 1 0 0 1 1 1 0 1 1 1 1 0 0 1 2 1 1 1 0 0 0 0 0 2 1 1 0 0 1 0 1 2
 1 0 0 0 0 0 1 2 1 0 1 1 1 1 0 1 1 1 0 1 0 1 0 0 1 0 1 1 1 1 1 0 1 1 0 0 1
 1 1 1 1 1 0 1 1 2 0 1 0 1 1 2 1 0 0 1 0 1 0 1 1 1 0 1 1 1 0 0 0 1 1 0 1 1
 1 0 1 1 1 1 1 0 0 0 1 1 0 0 0 1 1 1 1 0 1 1 1 0 1 1 0 0 0 2 1 1 1 0 1 1 1
 0 1 0 0 1 0 1 0 1 1 1 1 2 1 0 1 0 1 1 0 0 1 1 1 1 0 0 1 0 1 1 0 1 0 1 0 1
 0 1 2 1 1 1 0 1 1 0 1 1 0 1 1 0 1 1 1 0 0 0 0 1 0 1 0 1 1 1 1 0 0 1 1 0 0
 0 0 0 0 0 1 0 0 0 0 1 1 1 1 1 0 1 1 1 0 0 1 0 1 1 2 1 0 1 1 1 1 1 1 1 1 1
 1 0 1 0 0 0 1 1 1 1 1 1 1 0 1 1 1 1 1 1 1 0 1 0 0 0 0 0 1 1 1 1 1 0 1 1 0
 0 1 0 1 0 1 0 1 1 0 1 0 0 1 0 1 1 1 2 1 0 1 1 1 0 0 1 1 0 0 1 1 1 0 1 0 0
 0 1 2 1 0 1 1 0 0 0 1 0 0 1 1 0 0 1 1 0 1 1 1 0 1 1 1 1 2 1 2 1 0 0 1 1 1
 1 1 1 0 0 0 1 0 1 0 1 1 2 0 0 1 1 1 1 1 0 0 1 1 1 1 1 1 1 0 0 0 2 1 1 1 0
 1 1 1 1 1 0 0 1 0 0 1 0 0 0 1 1 0 0 0 0 0 0 1 1 0 1 1 1 0 0 0 0 1 1 0 1 1
 1 1 1 0 0 1 1 1 1 1 1 1 1 1 1 1 1 1 1 1 1 1 0 0 0 0 1 1 0 1 1 1 0 1 1 1 2
 1]"
dbscan,5,,,,,0.046226719454712725,200,0.0,cosine,3,0.904800843459614,0.3039941835893988,6.0,chebyshev,0.9419937067725681,"[ 0  1  1  1  1  2  1  1  0  1  0  0  1  1  1  1  0  1  0  0  1  0  3  1
  3  1  3  1  1  0  1  1  0  1  0  1  4  1  1  1  1  4  0  2  4  1  0  0
  4  1  1  3  2  4  1  1  1  1  1  0  0  0  1  0  4  2  1  4  0  1  4  1
  0  2  2  1  0  2  3  1  2  1  1  1  4  1  1  0  2  0  2  1  1  1  1  0
  2  0  1  3  1  1  4  1  1  2  1  0  1  1  0  1  1  1  1  1  0  1  1  1
  1  1  1  3  4 -1  1  1  4  1  1  1  4  1  1  4  2  1  1  0  1  0  0  1
  1  0  0  1  1  1  1  0  2  0  2  0  2  4  2  1  1  0  2  1  2  4  2  1
  0  1  1  4  3  0  1  0  4  2  4  2  2  1  4  1  4  0  0  1  1  2  1  4
  4  3  1  1  1  1  0  4  0  1  1  3  0  0  2  2  2  1  1  2  1  0  0  1
  1  3  2  4  1  1  4  0  0  3  2  4  0  1  4  1  0  1  1  4  0  1  2  1
  1  1  1  0  1  1  0  1  1  1  0  1  1  1  1  1  0  1  1  0  1  1  0  0
  1  3  1  0  0  2  0  1  1  1  0  2  2  0 -1  0  0  4  0  0  0  1  4  0
  1  2  0  1  0  2  0  1  2  1  0  0  1  1  1  0  1  1  0  0  4  1  2  1
  1  4  2  4  0  1  1  4  1  1  0  1  1  1  0  1  1  4  3  1  1  0  0  1
  1  3  2  1  2  0  2  1  0  1  1  1  2  2  1  1  1  2  1  1  0  1  0  0
  1  0  1  3  4  1  1  1  2  1  4  4  1  1  0  1  0  0  1  1  0  0  2  2
  0  1  1  4  1  2  4  1  4  1  0  0  4  1  1  1  0  1  0  2  0  1  2  2
  2  0  1  1  0  4  1  1  4  2  2  3  0  2  4  3  1  4  1  4  1  2  1  4
  4  1  0  1  2  0  2  0  4  0  1  1  2  1  1  2  0  0  1  1  3  2  1  4
  1  1  1  1  1  1  2  2  1  1  1  1  3  1  0  2  4  0  0  1  4  0  2  1
  1  0  4  2  1  4  0  0  0  1  4  3  1  4  4  1 -1  0  0  1  3  1  0  1
  1  4  0  0  0  2  0  1  1  1  0  1  0  1  1  1  1  0  3  2  4  4  2  2
  1  0  1  1  1  1  0  4  2  3  1  1  1  4  4  0  0  0  3  1  2  0  0  1
  4  1  3  1  0  0  0  4  0  1  3  2  4  1  1  1  2  0  2  1  1  4  1  0
  1  0  4  1  0  1  1  1  1  1  0  2  1  0  4  1  1  1  1  1  2  0  2  2
  3  4  1  0  1 -1  3  1  0  4  2  0  1  0  2  1  1  0  1  1  1  4  0  0
  1  1  0  1  2  1  4 -1  2  2  1  1  0  0  0  1  1  0  0  0  1  1  1  1
  4  1  2  1  0  2  1  0  4  0  3  1  1  1  0  1  1  1  4  1  4  0  1  0
  2  0  2  1  1  1  3  1  0  2  0  2  1  4  0  1  1  1  2  4  0  1  0  1
  1  4  2  0  2  4  1  0  1  3  2  1  1  0  2  1  0  1  1  4  2  1  0  1
  1  1  4  0  0  4  1  0  1  0  1  1  2  1  4  4  2  1  0  0  4  0  0  0
  4  1  4  4  0  4  1  1  1  2  1  0  1  2  1  0  4  1  0  2  2  3  1  0
  1  1  1  1  1  1  2  2  1  1  0  2  0  0  0  1  1  1  1  1  1  1  0  1
  1  2  2  1  1  2  2  1  0  0  0  4  0  1  1  2  1  1  0  1  1  0  0  1
  0  1  4  1  0  1  1  4  1  0  0  1  4  2  1  1  3  1  0  1  1  2  4  4
  2  2  0  4  1  2  1  4  2  0  0  4  1  3  1  0  2  2  4  0  0  1  0  4
  1  2  0  0  1  2  4  1  2  1  4  2  1  4  2  3  1  3  1  4  0  1  1  1
  2  1  2  4  0  4  1  4  1  0  2  1  3  0  4  1  1  2  1  1  0  0  1  1
  1  1  2  1  2  0  4  0  3  1  1  2  0  1  1  1  1  1  0  0  1  4  0  1
  0  0  0  1  1  0  0  0  4  0  0  1  2  4  1  1  1  0  0  0  0  1  2  0
 -1  1  2  1  2  0  4  1  1  1  1  2  2  1  1  1  1 -1  1  1  1  1  1  1
  4  4  4  0  2  2  0  1 -1 -1  0  1  1  2  3  1]"
dbscan,6,,,,,0.05997222011847965,10,0.01,correlation,3,0.9044977145759269,0.5114857295776071,4.0,chebyshev,0.8121042310291864,"[0 1 1 1 1 2 1 1 0 1 3 0 1 1 1 1 0 1 3 0 1 3 4 1 4 1 4 1 1 0 1 1 0 1 3 1 5
 1 1 1 1 5 0 2 5 1 0 0 5 1 1 4 2 5 1 1 1 1 1 3 0 3 1 0 5 2 1 5 0 1 5 1 0 2
 2 1 0 2 4 1 2 1 1 1 5 1 1 0 2 0 2 1 1 1 1 3 2 0 1 4 1 1 5 1 1 2 1 3 1 1 3
 1 1 1 1 1 0 1 1 1 1 1 1 4 5 1 1 1 5 1 1 1 5 1 1 5 2 1 1 0 1 0 0 1 1 0 0 1
 1 1 1 0 2 0 2 3 2 5 2 1 1 0 2 1 2 5 2 1 3 1 1 5 4 0 1 3 5 2 5 2 2 1 5 1 5
 0 3 1 1 2 1 5 5 4 1 1 1 1 3 5 3 1 1 4 3 5 2 2 2 1 1 2 1 0 3 1 1 4 2 5 1 1
 5 3 0 4 2 5 0 1 5 1 3 1 1 5 0 1 2 1 1 1 1 0 1 1 0 1 1 1 0 1 1 1 1 1 0 1 1
 0 1 1 3 3 1 4 1 3 0 2 0 1 1 1 0 2 2 0 1 0 0 5 0 0 3 1 5 0 1 2 0 1 0 2 0 1
 2 1 3 0 1 1 1 3 1 1 0 3 5 1 2 1 1 5 2 5 3 1 1 5 1 1 0 1 1 1 0 1 1 5 4 1 1
 0 3 1 1 4 2 1 2 0 2 1 0 1 1 1 2 2 1 1 1 2 1 1 3 1 0 0 1 0 1 4 5 1 1 1 2 1
 5 5 1 1 0 1 3 0 1 1 5 3 2 2 3 1 1 5 1 2 5 1 5 1 3 3 5 1 1 1 0 1 0 2 3 1 2
 2 2 5 1 1 0 5 1 1 5 2 2 4 0 2 5 4 1 5 1 5 1 2 1 5 5 1 3 1 2 0 2 0 5 0 1 1
 2 1 1 2 0 0 1 1 4 2 1 5 1 1 1 1 1 1 2 2 1 1 1 1 4 1 0 2 5 0 3 1 5 0 2 1 1
 0 5 2 1 5 3 0 3 1 5 4 1 5 5 1 1 0 0 1 4 1 0 1 1 5 0 0 0 2 0 1 1 1 0 1 0 1
 1 1 1 3 4 2 5 5 2 2 1 0 1 1 1 1 0 5 2 4 1 1 1 5 5 0 3 0 4 1 2 0 0 1 5 1 4
 1 3 0 3 5 3 1 4 2 5 1 1 1 2 0 2 1 1 5 1 0 1 0 5 1 0 1 1 1 1 1 0 2 1 3 5 1
 1 1 1 1 2 3 2 2 4 5 1 0 1 1 4 1 0 0 2 3 1 3 2 1 1 3 1 1 1 5 3 0 1 1 0 1 2
 1 5 5 2 2 1 1 0 3 3 1 1 0 0 0 1 1 1 1 5 1 2 1 3 2 1 0 5 3 4 1 1 1 0 1 1 1
 5 1 5 0 1 0 2 0 2 1 1 1 4 1 0 2 3 2 1 5 0 1 1 1 2 5 0 1 5 1 1 5 2 3 2 5 1
 0 1 4 2 1 1 0 2 1 0 1 1 5 2 1 3 1 1 1 5 0 3 5 1 3 1 0 1 1 2 1 5 5 2 1 3 3
 5 0 0 3 5 1 5 5 0 5 1 1 1 2 1 0 1 2 1 3 5 1 3 2 2 4 1 3 1 1 1 1 1 1 2 2 1
 1 3 2 3 3 3 1 1 1 1 1 1 1 0 1 1 2 2 1 1 2 2 1 3 3 3 5 0 1 1 2 1 1 0 1 1 0
 0 1 0 1 5 1 0 1 1 5 1 3 0 1 5 2 1 1 4 1 3 1 1 2 5 5 2 2 0 5 1 2 1 5 2 0 0
 5 1 4 1 0 2 2 5 0 0 1 0 5 1 2 3 0 1 2 5 1 2 1 5 2 1 5 2 4 1 4 1 5 3 1 1 1
 2 1 2 5 3 5 1 5 1 3 2 1 4 3 5 1 1 2 1 1 0 3 1 1 1 1 2 1 2 3 5 0 4 1 1 2 0
 1 1 1 1 1 3 0 1 5 0 1 0 0 0 1 1 0 0 0 5 3 3 1 2 5 1 1 1 0 0 0 3 1 2 0 0 1
 2 1 2 0 5 1 1 1 1 2 2 1 1 1 1 1 1 1 1 1 1 1 5 5 5 3 2 2 0 1 5 1 0 1 1 2 4
 1]"
dbscan,4,,,,,0.04822083536990667,10,0.01,cosine,3,0.8976232605383443,0.19516120292230732,6.0,correlation,0.8729173062633555,"[0 1 1 1 1 2 1 1 0 1 0 0 1 1 1 1 0 1 0 0 1 0 3 1 3 1 3 1 1 0 1 1 0 1 0 1 0
 1 1 1 1 0 0 2 0 1 0 0 0 1 1 3 2 0 1 1 1 1 1 0 0 0 1 0 0 2 1 0 0 1 0 1 0 2
 2 1 0 2 3 1 2 1 1 1 0 1 1 0 2 0 2 1 1 1 1 0 2 0 1 3 1 1 0 1 1 2 1 0 1 1 0
 1 1 1 1 1 0 1 1 1 1 1 1 3 0 1 1 1 0 1 1 1 0 1 1 0 2 1 1 0 1 0 0 1 1 0 0 1
 1 1 1 0 2 0 2 0 2 1 2 1 1 0 2 1 2 0 2 1 0 1 1 0 3 0 1 0 0 2 0 2 2 1 0 1 0
 0 0 1 1 2 1 0 0 3 1 1 1 1 0 0 0 1 1 3 0 0 2 2 2 1 1 2 1 0 0 1 1 3 2 0 1 1
 0 0 0 3 2 0 0 1 0 1 0 1 1 0 0 1 2 1 1 1 1 0 1 1 0 1 1 1 0 1 1 1 1 1 0 1 1
 0 1 1 0 0 1 3 1 0 0 2 0 1 1 1 0 2 2 0 1 0 0 0 0 0 0 1 0 0 1 2 0 1 0 2 0 1
 2 1 0 0 1 1 1 0 1 1 0 0 0 1 2 1 1 0 2 0 0 1 1 0 1 1 0 1 1 1 0 1 1 0 3 1 1
 0 0 1 1 3 2 1 2 0 2 1 0 1 1 1 2 2 1 1 1 2 1 1 0 1 0 0 1 0 1 3 0 1 1 1 2 1
 0 0 1 1 0 1 0 0 1 1 0 0 2 2 0 1 1 0 1 2 0 1 0 1 0 0 0 1 1 1 0 1 0 2 0 1 2
 2 2 0 1 1 0 0 1 1 0 2 2 3 0 2 0 3 1 0 1 0 1 2 1 0 0 1 0 1 2 0 2 0 0 0 1 1
 2 1 1 2 0 0 1 1 3 2 1 0 1 1 1 1 1 1 2 2 1 1 1 1 3 1 0 2 0 0 0 1 0 0 2 1 1
 0 0 2 1 0 0 0 0 1 0 3 1 0 0 1 1 0 0 1 3 1 0 1 1 0 0 0 0 2 0 1 1 1 0 1 0 1
 1 1 1 0 3 2 1 0 2 2 1 0 1 1 1 1 0 1 2 3 1 1 1 0 0 0 0 0 3 1 2 0 0 1 0 1 3
 1 0 0 0 0 0 1 3 2 0 1 1 1 2 0 2 1 1 0 1 0 1 0 0 1 0 1 1 1 1 1 0 2 1 0 0 1
 1 1 1 1 2 0 2 2 3 0 1 0 1 1 3 1 0 0 2 0 1 0 2 1 1 0 1 1 1 0 0 0 1 1 0 1 2
 1 0 1 2 2 1 1 0 0 0 1 1 0 0 0 1 1 1 1 0 1 2 1 0 2 1 0 0 0 3 1 1 1 0 1 1 1
 0 1 0 0 1 0 2 0 2 1 1 1 3 1 0 2 0 2 1 0 0 1 1 1 2 0 0 1 0 1 1 0 2 0 2 0 1
 0 1 3 2 1 1 0 2 1 0 1 1 0 2 1 0 1 1 1 0 0 0 0 1 0 1 0 1 1 2 1 0 0 2 1 0 0
 0 0 0 0 0 1 0 0 0 0 1 1 1 2 1 0 1 2 1 0 0 1 1 2 2 3 1 0 1 1 1 1 1 1 2 2 1
 1 0 2 0 0 0 1 1 1 1 1 1 1 0 1 1 2 2 1 1 2 2 1 0 0 0 0 0 1 1 2 1 1 0 1 1 0
 0 1 0 1 0 1 0 1 1 0 1 0 0 1 0 2 1 1 3 1 0 1 1 2 0 0 2 2 0 0 1 2 1 0 2 0 0
 0 1 3 1 0 2 2 0 0 0 1 0 0 1 2 0 0 1 2 0 1 2 1 0 2 1 0 2 3 1 3 1 0 0 1 1 1
 2 1 2 0 0 0 1 0 1 0 2 1 3 0 0 1 1 2 1 1 0 0 1 1 1 1 2 1 2 0 0 0 3 1 1 2 0
 1 1 1 1 1 0 0 1 0 0 1 0 0 0 1 1 0 0 0 0 0 0 1 2 0 1 1 1 0 0 0 0 1 2 0 1 1
 2 1 2 0 0 1 1 1 1 2 2 1 1 1 1 1 1 1 1 1 1 1 0 0 0 0 2 2 0 1 1 1 0 1 1 2 3
 1]"
dbscan,3,,,,,0.0641933834686722,25,0.01,correlation,3,0.898195051975052,0.24766358821724796,6.0,correlation,0.9851686938094706,"[0 1 1 1 1 1 1 1 0 1 0 0 1 1 1 1 0 1 0 0 1 0 2 1 2 1 2 1 1 0 1 1 0 1 0 1 0
 1 1 1 1 0 0 1 0 1 0 0 0 1 1 2 1 0 1 1 1 1 1 0 0 0 1 0 0 1 1 0 0 1 0 1 0 1
 1 1 0 1 2 1 1 1 1 1 0 1 1 0 1 0 1 1 1 1 1 0 1 0 1 2 1 1 0 1 1 1 1 0 1 1 0
 1 1 1 1 1 0 1 1 1 1 1 1 2 0 1 1 1 0 1 1 1 0 1 1 0 1 1 1 0 1 0 0 1 1 0 0 1
 1 1 1 0 1 0 1 0 1 0 1 1 1 0 1 1 1 0 1 1 0 1 1 0 2 0 1 0 0 1 0 1 1 1 0 1 0
 0 0 1 1 1 1 0 0 2 1 1 1 1 0 0 0 1 1 2 0 0 1 1 1 1 1 1 1 0 0 1 1 2 1 0 1 1
 0 0 0 2 1 0 0 1 0 1 0 1 1 0 0 1 1 1 1 1 1 0 1 1 0 1 1 1 0 1 1 1 1 1 0 1 1
 0 1 1 0 0 1 2 1 0 0 1 0 1 1 1 0 1 1 0 1 0 0 0 0 0 0 1 0 0 1 1 0 1 0 1 0 1
 1 1 0 0 1 1 1 0 1 1 0 0 0 1 1 1 1 0 1 0 0 1 1 0 1 1 0 1 1 1 0 1 1 0 2 1 1
 0 0 1 1 2 1 1 1 0 1 1 0 1 1 1 1 1 1 1 1 1 1 1 0 1 0 0 1 0 1 2 0 1 1 1 1 1
 0 0 1 1 0 1 0 0 1 1 0 0 1 1 0 1 1 0 1 1 0 1 0 1 0 0 0 1 1 1 0 1 0 1 0 1 1
 1 1 0 1 1 0 0 1 1 0 1 1 2 0 1 0 2 1 0 1 0 1 1 1 0 0 1 0 1 1 0 1 0 0 0 1 1
 1 1 1 1 0 0 1 1 2 1 1 0 1 1 1 1 1 1 1 1 1 1 1 1 2 1 0 1 0 0 0 1 0 0 1 1 1
 0 0 1 1 0 0 0 0 1 0 2 1 0 0 1 1 0 0 1 2 1 0 1 1 0 0 0 0 1 0 1 1 1 0 1 0 1
 1 1 1 0 2 1 0 0 1 1 1 0 1 1 1 1 0 0 1 2 1 1 1 0 0 0 0 0 2 1 1 0 0 1 0 1 2
 1 0 0 0 0 0 1 2 1 0 1 1 1 1 0 1 1 1 0 1 0 1 0 0 1 0 1 1 1 1 1 0 1 1 0 0 1
 1 1 1 1 1 0 1 1 2 0 1 0 1 1 2 1 0 0 1 0 1 0 1 1 1 0 1 1 1 0 0 0 1 1 0 1 1
 1 0 0 1 1 1 1 0 0 0 1 1 0 0 0 1 1 1 1 0 1 1 1 0 1 1 0 0 0 2 1 1 1 0 1 1 1
 0 1 0 0 1 0 1 0 1 1 1 1 2 1 0 1 0 1 1 0 0 1 1 1 1 0 0 1 0 1 1 0 1 0 1 0 1
 0 1 2 1 1 1 0 1 1 0 1 1 0 1 1 0 1 1 1 0 0 0 0 1 0 1 0 1 1 1 1 0 0 1 1 0 0
 0 0 0 0 0 1 0 0 0 0 1 1 1 1 1 0 1 1 1 0 0 1 0 1 1 2 1 0 1 1 1 1 1 1 1 1 1
 1 0 1 0 0 0 1 1 1 1 1 1 1 0 1 1 1 1 1 1 1 1 1 0 0 0 0 0 1 1 1 1 1 0 1 1 0
 0 1 0 1 0 1 0 1 1 0 1 0 0 1 0 1 1 1 2 1 0 1 1 1 0 0 1 1 0 0 1 1 1 0 1 0 0
 0 1 2 1 0 1 1 0 0 0 1 0 0 1 1 0 0 1 1 0 1 1 1 0 1 1 0 1 2 1 2 1 0 0 1 1 1
 1 1 1 0 0 0 1 0 1 0 1 1 2 0 0 1 1 1 1 1 0 0 1 1 1 1 1 1 1 0 0 0 2 1 1 1 0
 1 1 1 1 1 0 0 1 0 0 1 0 0 0 1 1 0 0 0 0 0 0 1 1 0 1 1 1 0 0 0 0 1 1 0 1 1
 1 1 1 0 0 1 1 1 1 1 1 1 1 1 1 1 1 1 1 1 1 1 0 0 0 0 1 1 0 1 0 1 0 1 1 1 2
 1]"
dbscan,2,,,,,0.035778836789144404,25,0.01,cosine,3,0.9030463201663201,0.2065001355728668,6.0,correlation,0.9955030669454905,"[0 0 0 0 0 1 0 0 0 0 0 0 0 0 0 0 0 0 0 0 0 0 0 0 0 0 0 0 0 0 0 0 0 0 0 0 0
 0 0 0 0 0 0 1 0 0 0 0 0 0 0 0 1 0 0 0 0 0 0 0 0 0 0 0 0 1 0 0 0 0 0 0 0 1
 1 0 0 1 0 0 1 0 0 0 0 0 0 0 1 0 1 0 0 0 0 0 1 0 0 0 0 0 0 0 0 1 0 0 0 0 0
 0 0 0 0 0 0 0 0 0 0 0 0 0 0 0 0 0 0 0 0 0 0 0 0 0 1 0 0 0 0 0 0 0 0 0 0 0
 0 0 0 0 1 0 1 0 1 0 1 0 0 0 1 0 1 0 1 0 0 0 0 0 0 0 0 0 0 1 0 1 1 0 0 0 0
 0 0 0 0 1 0 0 0 0 0 0 0 0 0 0 0 0 0 0 0 0 1 1 1 0 0 1 0 0 0 0 0 0 1 0 0 0
 0 0 0 0 1 0 0 0 0 0 0 0 0 0 0 0 1 0 0 0 0 0 0 0 0 0 0 0 0 0 0 0 0 0 0 0 0
 0 0 0 0 0 0 0 0 0 0 1 0 0 0 0 0 1 1 0 0 0 0 0 0 0 0 0 0 0 0 1 0 0 0 1 0 0
 1 0 0 0 0 0 0 0 0 0 0 0 0 0 1 0 0 0 1 0 0 0 0 0 0 0 0 0 0 0 0 0 0 0 0 0 0
 0 0 0 0 0 1 0 1 0 1 0 0 0 0 0 1 1 0 0 0 1 0 0 0 0 0 0 0 0 0 0 0 0 0 0 1 0
 0 0 0 0 0 0 0 0 0 0 0 0 1 1 0 0 0 0 0 1 0 0 0 0 0 0 0 0 0 0 0 0 0 1 0 0 1
 1 1 0 0 0 0 0 0 0 0 1 1 0 0 1 0 0 0 0 0 0 0 1 0 0 0 0 0 0 1 0 1 0 0 0 0 0
 1 0 0 1 0 0 0 0 0 1 0 0 0 0 0 0 0 0 1 1 0 0 0 0 0 0 0 1 0 0 0 0 0 0 1 0 0
 0 0 1 0 0 0 0 0 0 0 0 0 0 0 0 0 0 0 0 0 0 0 0 0 0 0 0 0 1 0 0 0 0 0 0 0 0
 0 0 0 0 0 1 0 0 1 1 0 0 0 0 0 0 0 0 1 0 0 0 0 0 0 0 0 0 0 0 1 0 0 0 0 0 0
 0 0 0 0 0 0 0 0 1 0 0 0 0 1 0 1 0 0 0 0 0 0 0 0 0 0 0 0 0 0 0 0 1 0 0 0 0
 0 0 0 0 1 0 1 1 0 0 0 0 0 0 0 0 0 0 1 0 0 0 1 0 0 0 0 0 0 0 0 0 0 0 0 0 1
 0 0 0 1 1 0 0 0 0 0 0 0 0 0 0 0 0 0 0 0 0 1 0 0 1 0 0 0 0 0 0 0 0 0 0 0 0
 0 0 0 0 0 0 1 0 1 0 0 0 0 0 0 1 0 1 0 0 0 0 0 0 1 0 0 0 0 0 0 0 1 0 1 0 0
 0 0 0 1 0 0 0 1 0 0 0 0 0 1 0 0 0 0 0 0 0 0 0 0 0 0 0 0 0 1 0 0 0 1 0 0 0
 0 0 0 0 0 0 0 0 0 0 0 0 0 1 0 0 0 1 0 0 0 0 0 1 1 0 0 0 0 0 0 0 0 0 1 1 0
 0 0 1 0 0 0 0 0 0 0 0 0 0 0 0 0 1 1 0 0 1 1 0 0 0 0 0 0 0 0 1 0 0 0 0 0 0
 0 0 0 0 0 0 0 0 0 0 0 0 0 0 0 1 0 0 0 0 0 0 0 1 0 0 1 1 0 0 0 1 0 0 1 0 0
 0 0 0 0 0 1 1 0 0 0 0 0 0 0 1 0 0 0 1 0 0 1 0 0 1 0 0 1 0 0 0 0 0 0 0 0 0
 1 0 1 0 0 0 0 0 0 0 1 0 0 0 0 0 0 1 0 0 0 0 0 0 0 0 1 0 1 0 0 0 0 0 0 1 0
 0 0 0 0 0 0 0 0 0 0 0 0 0 0 0 0 0 0 0 0 0 0 0 1 0 0 0 0 0 0 0 0 0 1 0 0 0
 1 0 1 0 0 0 0 0 0 1 1 0 0 0 0 0 0 0 0 0 0 0 0 0 0 0 1 1 0 0 0 0 0 0 0 1 0
 0]"
dbscan,3,,,,,0.07305165214065841,50,0.01,correlation,3,0.8983589832341806,0.2682033237114712,6.0,correlation,0.9998557144418142,"[0 1 1 1 1 1 1 1 0 1 0 0 1 1 1 1 0 1 0 0 1 0 2 1 2 1 2 1 1 0 1 1 0 1 0 1 0
 1 1 1 1 0 0 1 0 1 0 0 0 1 1 2 1 0 1 1 1 1 1 0 0 0 1 0 0 1 1 0 0 1 0 1 0 1
 1 1 0 1 2 1 1 1 1 1 0 1 1 0 1 0 1 1 1 1 1 0 1 0 1 2 1 1 0 1 1 1 1 0 1 1 0
 1 1 1 1 1 0 1 1 1 1 1 1 2 0 1 1 1 0 1 1 1 0 1 1 0 1 1 1 0 1 0 0 1 1 0 0 1
 1 1 1 0 1 0 1 0 1 0 1 1 1 0 1 1 1 0 1 1 0 1 1 0 2 0 1 0 0 1 0 1 1 1 0 1 0
 0 0 1 1 1 1 0 0 2 1 1 1 1 0 0 0 1 1 2 0 0 1 1 1 1 1 1 1 0 0 1 1 2 1 0 1 1
 0 0 0 2 1 0 0 1 0 1 0 1 1 0 0 1 1 1 1 1 1 0 1 1 0 1 1 1 0 1 1 1 1 1 0 1 1
 0 1 1 0 0 1 2 1 0 0 1 0 1 1 1 0 1 1 0 1 0 0 0 0 0 0 1 0 0 1 1 0 1 0 1 0 1
 1 1 0 0 1 1 1 0 1 1 0 0 0 1 1 1 1 0 1 0 0 1 1 0 1 1 0 1 1 1 0 1 1 0 2 1 1
 0 0 1 1 2 1 1 1 0 1 1 0 1 1 1 1 1 1 1 1 1 1 1 0 1 0 0 1 0 1 2 0 1 1 1 1 1
 0 0 1 1 0 1 0 0 1 1 0 0 1 1 0 1 1 0 1 1 0 1 0 1 0 0 0 1 1 1 0 1 0 1 0 1 1
 1 1 0 1 1 0 0 1 1 0 1 1 2 0 1 0 2 1 0 1 0 1 1 1 0 0 1 0 1 1 0 1 0 0 0 1 1
 1 1 1 1 0 0 1 1 2 1 1 0 1 1 1 1 1 1 1 1 1 1 1 1 2 1 0 1 0 0 0 1 0 0 1 1 1
 0 0 1 1 0 0 0 0 1 0 2 1 0 0 1 1 0 0 1 2 1 0 1 1 0 0 0 0 1 0 1 1 1 0 1 0 1
 1 1 1 0 2 1 0 0 1 1 1 0 1 1 1 1 0 0 1 2 1 1 1 0 0 0 0 0 2 1 1 0 0 1 0 1 2
 1 0 0 0 0 0 1 2 1 0 1 1 1 1 0 1 1 1 0 1 0 1 0 0 1 0 1 1 1 1 1 0 1 1 0 0 1
 1 1 1 1 1 0 1 1 2 0 1 0 1 1 2 1 0 0 1 0 1 0 1 1 1 0 1 1 1 0 0 0 1 1 0 1 1
 1 0 0 1 1 1 1 0 0 0 1 1 0 0 0 1 1 1 1 0 1 1 1 0 1 1 0 0 0 2 1 1 1 0 1 1 1
 0 1 0 0 1 0 1 0 1 1 1 1 2 1 0 1 0 1 1 0 0 1 1 1 1 0 0 1 0 1 1 0 1 0 1 0 1
 0 1 2 1 1 1 0 1 1 0 1 1 0 1 1 0 1 1 1 0 0 0 0 1 0 1 0 1 1 1 1 0 0 1 1 0 0
 0 0 0 0 0 1 0 0 0 0 1 1 1 1 1 0 1 1 1 0 0 1 0 1 1 2 1 0 1 1 1 1 1 1 1 1 1
 1 0 1 0 0 0 1 1 1 1 1 1 1 0 1 1 1 1 1 1 1 1 1 0 0 0 0 0 1 1 1 1 1 0 1 1 0
 0 1 0 1 0 1 0 1 1 0 1 0 0 1 0 1 1 1 2 1 0 1 1 1 0 0 1 1 0 0 1 1 1 0 1 0 0
 0 1 2 1 0 1 1 0 0 0 1 0 0 1 1 0 0 1 1 0 1 1 1 0 1 1 0 1 2 1 2 1 0 0 1 1 1
 1 1 1 0 0 0 1 0 1 0 1 1 2 0 0 1 1 1 1 1 0 0 1 1 1 1 1 1 1 0 0 0 2 1 1 1 0
 1 1 1 1 1 0 0 1 0 0 1 0 0 0 1 1 0 0 0 0 0 0 1 1 0 1 1 1 0 0 0 0 1 1 0 1 1
 1 1 1 0 0 1 1 1 1 1 1 1 1 1 1 1 1 1 1 1 1 1 0 0 0 0 1 1 0 1 0 1 0 1 1 1 2
 1]"
dbscan,2,,,,,0.029356320660585723,50,0.01,cosine,3,0.8922178474851271,0.23087244003399482,6.0,correlation,0.9792217256631823,"[0 0 0 0 0 0 0 0 0 0 0 0 0 0 0 0 0 0 0 0 0 0 1 0 1 0 1 0 0 0 0 0 0 0 0 0 0
 0 0 0 0 0 0 0 0 0 0 0 0 0 0 1 0 0 0 0 0 0 0 0 0 0 0 0 0 0 0 0 0 0 0 0 0 0
 0 0 0 0 1 0 0 0 0 0 0 0 0 0 0 0 0 0 0 0 0 0 0 0 0 1 0 0 0 0 0 0 0 0 0 0 0
 0 0 0 0 0 0 0 0 0 0 0 0 1 0 0 0 0 0 0 0 0 0 0 0 0 0 0 0 0 0 0 0 0 0 0 0 0
 0 0 0 0 0 0 0 0 0 0 0 0 0 0 0 0 0 0 0 0 0 0 0 0 1 0 0 0 0 0 0 0 0 0 0 0 0
 0 0 0 0 0 0 0 0 1 0 0 0 0 0 0 0 0 0 1 0 0 0 0 0 0 0 0 0 0 0 0 0 1 0 0 0 0
 0 0 0 1 0 0 0 0 0 0 0 0 0 0 0 0 0 0 0 0 0 0 0 0 0 0 0 0 0 0 0 0 0 0 0 0 0
 0 0 0 0 0 0 1 0 0 0 0 0 0 0 0 0 0 0 0 0 0 0 0 0 0 0 0 0 0 0 0 0 0 0 0 0 0
 0 0 0 0 0 0 0 0 0 0 0 0 0 0 0 0 0 0 0 0 0 0 0 0 0 0 0 0 0 0 0 0 0 0 1 0 0
 0 0 0 0 1 0 0 0 0 0 0 0 0 0 0 0 0 0 0 0 0 0 0 0 0 0 0 0 0 0 1 0 0 0 0 0 0
 0 0 0 0 0 0 0 0 0 0 0 0 0 0 0 0 0 0 0 0 0 0 0 0 0 0 0 0 0 0 0 0 0 0 0 0 0
 0 0 0 0 0 0 0 0 0 0 0 0 1 0 0 0 1 0 0 0 0 0 0 0 0 0 0 0 0 0 0 0 0 0 0 0 0
 0 0 0 0 0 0 0 0 1 0 0 0 0 0 0 0 0 0 0 0 0 0 0 0 1 0 0 0 0 0 0 0 0 0 0 0 0
 0 0 0 0 0 0 0 0 0 0 1 0 0 0 0 0 0 0 0 1 0 0 0 0 0 0 0 0 0 0 0 0 0 0 0 0 0
 0 0 0 0 1 0 0 0 0 0 0 0 0 0 0 0 0 0 0 1 0 0 0 0 0 0 0 0 1 0 0 0 0 0 0 0 1
 0 0 0 0 0 0 0 1 0 0 0 0 0 0 0 0 0 0 0 0 0 0 0 0 0 0 0 0 0 0 0 0 0 0 0 0 0
 0 0 0 0 0 0 0 0 1 0 0 0 0 0 1 0 0 0 0 0 0 0 0 0 0 0 0 0 0 0 0 0 0 0 0 0 0
 0 0 0 0 0 0 0 0 0 0 0 0 0 0 0 0 0 0 0 0 0 0 0 0 0 0 0 0 0 1 0 0 0 0 0 0 0
 0 0 0 0 0 0 0 0 0 0 0 0 1 0 0 0 0 0 0 0 0 0 0 0 0 0 0 0 0 0 0 0 0 0 0 0 0
 0 0 1 0 0 0 0 0 0 0 0 0 0 0 0 0 0 0 0 0 0 0 0 0 0 0 0 0 0 0 0 0 0 0 0 0 0
 0 0 0 0 0 0 0 0 0 0 0 0 0 0 0 0 0 0 0 0 0 0 0 0 0 1 0 0 0 0 0 0 0 0 0 0 0
 0 0 0 0 0 0 0 0 0 0 0 0 0 0 0 0 0 0 0 0 0 0 0 0 0 0 0 0 0 0 0 0 0 0 0 0 0
 0 0 0 0 0 0 0 0 0 0 0 0 0 0 0 0 0 0 1 0 0 0 0 0 0 0 0 0 0 0 0 0 0 0 0 0 0
 0 0 1 0 0 0 0 0 0 0 0 0 0 0 0 0 0 0 0 0 0 0 0 0 0 0 0 0 1 0 1 0 0 0 0 0 0
 0 0 0 0 0 0 0 0 0 0 0 0 1 0 0 0 0 0 0 0 0 0 0 0 0 0 0 0 0 0 0 0 1 0 0 0 0
 0 0 0 0 0 0 0 0 0 0 0 0 0 0 0 0 0 0 0 0 0 0 0 0 0 0 0 0 0 0 0 0 0 0 0 0 0
 0 0 0 0 0 0 0 0 0 0 0 0 0 0 0 0 0 0 0 0 0 0 0 0 0 0 0 0 0 0 0 0 0 0 0 0 1
 0]"
dbscan,3,,,,,0.0738659634438219,100,0.01,correlation,3,0.8997234726309594,0.2526744751206926,6.0,correlation,0.9999362780813992,"[0 1 1 1 1 2 1 1 0 1 0 0 1 1 1 1 0 1 0 0 1 0 1 1 1 1 1 1 1 0 1 1 0 1 0 1 0
 1 1 1 1 0 0 2 0 1 0 0 0 1 1 1 2 0 1 1 1 1 1 0 0 0 1 0 0 2 1 0 0 1 0 1 0 2
 2 1 0 2 1 1 2 1 1 1 0 1 1 0 2 0 2 1 1 1 1 0 2 0 1 1 1 1 0 1 1 2 1 0 1 1 0
 1 1 1 1 1 0 1 1 1 1 1 1 1 0 1 1 1 0 1 1 1 0 1 1 0 2 1 1 0 1 0 0 1 1 0 0 1
 1 1 1 0 2 0 2 0 2 0 2 1 1 0 2 1 2 0 2 1 0 1 1 0 1 0 1 0 0 2 0 2 2 1 0 1 0
 0 0 1 1 2 1 0 0 1 1 1 1 1 0 0 0 1 1 1 0 0 2 2 2 1 1 2 1 0 0 1 1 1 2 0 1 1
 0 0 0 1 2 0 0 1 0 1 0 1 1 0 0 1 2 1 1 1 1 0 1 1 0 1 1 1 0 1 1 1 1 1 0 1 1
 0 1 1 0 0 1 1 1 0 0 2 0 1 1 1 0 2 2 0 1 0 0 0 0 0 0 1 0 0 1 2 0 1 0 2 0 1
 2 1 0 0 1 1 1 0 1 1 0 0 0 1 2 1 1 0 2 0 0 1 1 0 1 1 0 1 1 1 0 1 1 0 1 1 1
 0 0 1 1 1 2 1 2 0 2 1 0 1 1 1 2 2 1 1 1 2 1 1 0 1 0 0 1 0 1 1 0 1 1 1 2 1
 0 0 1 1 0 1 0 0 1 1 0 0 2 2 0 1 1 0 1 2 0 1 0 1 0 0 0 1 1 1 0 1 0 2 0 1 2
 2 2 0 1 1 0 0 1 1 0 2 2 1 0 2 0 1 1 0 1 0 1 2 1 0 0 1 0 1 2 0 2 0 0 0 1 1
 2 1 1 2 0 0 1 1 1 2 1 0 1 1 1 1 1 1 2 2 1 1 1 1 1 1 0 2 0 0 0 1 0 0 2 1 1
 0 0 2 1 0 0 0 0 1 0 1 1 0 0 1 1 0 0 1 1 1 0 1 1 0 0 0 0 2 0 1 1 1 0 1 0 1
 1 1 1 0 1 2 0 0 2 2 1 0 1 1 1 1 0 0 2 1 1 1 1 0 0 0 0 0 1 1 2 0 0 1 0 1 1
 1 0 0 0 0 0 1 1 2 0 1 1 1 2 0 2 1 1 0 1 0 1 0 0 1 0 1 1 1 1 1 0 2 1 0 0 1
 1 1 1 1 2 0 2 2 1 0 1 0 1 1 1 1 0 0 2 0 1 0 2 1 1 0 1 1 1 0 0 0 1 1 0 1 2
 1 0 1 2 2 1 1 0 0 0 1 1 0 0 0 1 1 1 1 0 1 2 1 0 2 1 0 0 0 1 1 1 1 0 1 1 1
 0 1 0 0 1 0 2 0 2 1 1 1 1 1 0 2 0 2 1 0 0 1 1 1 2 0 0 1 0 1 1 1 2 0 2 0 1
 0 1 1 2 1 1 0 2 1 0 1 1 0 2 1 0 1 1 1 0 0 0 0 1 0 1 0 1 1 2 1 0 0 2 1 0 0
 0 0 0 0 0 1 0 0 0 0 1 1 1 2 1 0 1 2 1 0 0 1 0 2 2 1 1 0 1 1 1 1 1 1 2 2 1
 1 0 2 0 0 0 1 1 1 1 1 1 1 0 1 1 2 2 1 1 2 0 1 0 0 0 0 0 1 1 2 1 1 0 1 1 0
 0 1 0 1 0 1 0 1 1 0 1 0 0 1 1 2 1 1 1 1 0 1 1 2 0 0 2 2 0 0 1 2 1 0 2 0 0
 0 1 1 1 0 2 2 0 0 0 1 0 0 1 2 0 0 1 2 0 1 2 1 0 2 1 1 2 1 1 1 1 0 0 1 1 1
 2 1 2 0 0 0 1 0 1 0 2 1 1 0 0 1 1 2 1 1 0 0 1 1 1 1 2 1 2 0 0 0 1 1 1 2 0
 1 1 1 1 1 0 0 1 0 0 1 0 0 0 1 1 0 0 0 0 0 0 1 2 0 1 1 1 0 0 0 0 1 2 0 1 1
 2 1 2 0 0 1 1 1 1 2 2 1 1 1 1 1 1 1 1 1 1 1 0 0 0 0 2 2 0 1 0 1 0 1 1 2 1
 1]"
dbscan,2,,,,,0.054628083384324726,100,0.01,cosine,3,0.8951493937610359,0.24125676534906823,6.0,correlation,0.9885875367006269,"[0 0 0 0 0 0 0 0 0 0 0 0 0 0 0 0 0 0 0 0 0 0 1 0 1 0 1 0 0 0 0 0 0 0 0 0 0
 0 0 0 0 0 0 0 0 0 0 0 0 0 0 1 0 0 0 0 0 0 0 0 0 0 0 0 0 0 0 0 0 0 0 0 0 0
 0 0 0 0 1 0 0 0 0 0 0 0 0 0 0 0 0 0 0 0 0 0 0 0 0 1 0 0 0 0 0 0 0 0 0 0 0
 0 0 0 0 0 0 0 0 0 0 0 0 1 0 0 0 0 0 0 0 0 0 0 0 0 0 0 0 0 0 0 0 0 0 0 0 0
 0 0 0 0 0 0 0 0 0 0 0 0 0 0 0 0 0 0 0 0 0 0 0 0 1 0 0 0 0 0 0 0 0 0 0 0 0
 0 0 0 0 0 0 0 0 1 0 0 0 0 0 0 0 0 0 1 0 0 0 0 0 0 0 0 0 0 0 0 0 1 0 0 0 0
 0 0 0 1 0 0 0 0 0 0 0 0 0 0 0 0 0 0 0 0 0 0 0 0 0 0 0 0 0 0 0 0 0 0 0 0 0
 0 0 0 0 0 0 1 0 0 0 0 0 0 0 0 0 0 0 0 0 0 0 0 0 0 0 0 0 0 0 0 0 0 0 0 0 0
 0 0 0 0 0 0 0 0 0 0 0 0 0 0 0 0 0 0 0 0 0 0 0 0 0 0 0 0 0 0 0 0 0 0 1 0 0
 0 0 0 0 1 0 0 0 0 0 0 0 0 0 0 0 0 0 0 0 0 0 0 0 0 0 0 0 0 0 1 0 0 0 0 0 0
 0 0 0 0 0 0 0 0 0 0 0 0 0 0 0 0 0 0 0 0 0 0 0 0 0 0 0 0 0 0 0 0 0 0 0 0 0
 0 0 0 0 0 0 0 0 0 0 0 0 1 0 0 0 1 0 0 0 0 0 0 0 0 0 0 0 0 0 0 0 0 0 0 0 0
 0 0 0 0 0 0 0 0 1 0 0 0 0 0 0 0 0 0 0 0 0 0 0 0 1 0 0 0 0 0 0 0 0 0 0 0 0
 0 0 0 0 0 0 0 0 0 0 1 0 0 0 0 0 0 0 0 1 0 0 0 0 0 0 0 0 0 0 0 0 0 0 0 0 0
 0 0 0 0 1 0 0 0 0 0 0 0 0 0 0 0 0 0 0 1 0 0 0 0 0 0 0 0 1 0 0 0 0 0 0 0 1
 0 0 0 0 0 0 0 1 0 0 0 0 0 0 0 0 0 0 0 0 0 0 0 0 0 0 0 0 0 0 0 0 0 0 0 0 0
 0 0 0 0 0 0 0 0 1 0 0 0 0 0 1 0 0 0 0 0 0 0 0 0 0 0 0 0 0 0 0 0 0 0 0 0 0
 0 0 0 0 0 0 0 0 0 0 0 0 0 0 0 0 0 0 0 0 0 0 0 0 0 0 0 0 0 1 0 0 0 0 0 0 0
 0 0 0 0 0 0 0 0 0 0 0 0 1 0 0 0 0 0 0 0 0 0 0 0 0 0 0 0 0 0 0 0 0 0 0 0 0
 0 0 1 0 0 0 0 0 0 0 0 0 0 0 0 0 0 0 0 0 0 0 0 0 0 0 0 0 0 0 0 0 0 0 0 0 0
 0 0 0 0 0 0 0 0 0 0 0 0 0 0 0 0 0 0 0 0 0 0 0 0 0 1 0 0 0 0 0 0 0 0 0 0 0
 0 0 0 0 0 0 0 0 0 0 0 0 0 0 0 0 0 0 0 0 0 0 0 0 0 0 0 0 0 0 0 0 0 0 0 0 0
 0 0 0 0 0 0 0 0 0 0 0 0 0 0 0 0 0 0 1 0 0 0 0 0 0 0 0 0 0 0 0 0 0 0 0 0 0
 0 0 1 0 0 0 0 0 0 0 0 0 0 0 0 0 0 0 0 0 0 0 0 0 0 0 0 0 1 0 1 0 0 0 0 0 0
 0 0 0 0 0 0 0 0 0 0 0 0 1 0 0 0 0 0 0 0 0 0 0 0 0 0 0 0 0 0 0 0 1 0 0 0 0
 0 0 0 0 0 0 0 0 0 0 0 0 0 0 0 0 0 0 0 0 0 0 0 0 0 0 0 0 0 0 0 0 0 0 0 0 0
 0 0 0 0 0 0 0 0 0 0 0 0 0 0 0 0 0 0 0 0 0 0 0 0 0 0 0 0 0 0 0 0 0 0 0 0 1
 0]"
dbscan,3,,,,,0.08380377153515424,200,0.01,correlation,3,0.8718565475339528,0.26271808998478907,5.0,correlation,0.999144832818533,"[0 1 1 1 1 1 1 1 0 1 0 0 1 1 1 1 0 1 0 0 1 0 2 1 2 1 2 1 1 0 1 1 0 1 0 1 0
 1 1 1 1 0 0 1 0 1 0 0 0 1 1 2 1 0 1 1 1 1 1 0 0 0 1 0 0 1 1 0 0 1 0 1 0 1
 1 1 0 1 2 1 1 1 1 1 0 1 1 0 1 0 1 1 1 1 1 0 1 0 1 2 1 1 0 1 1 1 1 0 1 1 0
 1 1 1 1 1 0 1 1 1 1 1 1 2 0 1 1 1 0 1 1 1 0 1 1 0 1 1 1 0 1 0 0 1 1 0 0 1
 1 1 1 0 1 0 1 0 1 0 1 1 1 0 1 1 1 0 1 1 0 1 1 0 2 0 1 0 0 1 0 1 1 1 0 1 0
 0 0 1 1 1 1 0 0 2 1 1 1 1 0 0 0 1 1 2 0 0 1 1 1 1 1 1 1 0 0 1 1 2 1 0 1 1
 0 0 0 2 1 0 0 1 0 1 0 1 1 0 0 1 1 1 1 1 1 0 1 1 0 1 1 1 0 1 1 1 1 1 0 1 1
 0 1 1 0 0 1 2 1 0 0 1 0 1 1 1 0 1 1 0 1 0 0 0 0 0 0 1 0 0 1 1 0 1 0 1 0 1
 1 1 0 0 1 1 1 0 1 1 0 0 0 1 1 1 1 0 1 0 0 1 1 0 1 1 0 1 1 1 0 1 1 0 2 1 1
 0 0 1 1 2 1 1 1 0 1 1 0 1 1 1 1 1 1 1 1 1 1 1 0 1 0 0 1 0 1 2 0 1 1 1 1 1
 0 0 1 1 0 1 0 0 1 1 0 0 1 1 0 1 1 0 1 1 0 1 0 1 0 0 0 1 1 1 0 1 0 1 0 1 1
 1 1 0 1 1 0 0 1 1 0 1 1 2 0 1 0 2 1 0 1 0 1 1 1 0 0 1 0 1 1 0 1 0 0 0 1 1
 1 1 1 1 0 0 1 1 2 1 1 0 1 1 1 1 1 1 1 1 1 1 1 1 2 1 0 1 0 0 0 1 0 0 1 1 1
 0 0 1 1 0 0 0 0 1 0 2 1 0 0 1 1 0 0 1 2 1 0 1 1 0 0 0 0 1 0 1 1 1 0 1 0 1
 1 1 1 0 2 1 0 0 1 1 1 0 1 1 1 1 0 0 1 2 1 1 1 0 0 0 0 0 2 1 1 0 0 1 0 1 2
 1 0 0 0 0 0 1 2 1 0 1 1 1 1 0 1 1 1 0 1 0 1 0 0 1 0 1 1 1 1 1 0 1 1 0 0 1
 1 1 1 1 1 0 1 1 2 0 1 0 1 1 2 1 0 0 1 0 1 0 1 1 1 0 1 1 1 0 0 0 1 1 0 1 1
 1 0 1 1 1 1 1 0 0 0 1 1 0 0 0 1 1 1 1 0 1 1 1 0 1 1 0 0 0 2 1 1 1 0 1 1 1
 0 1 0 0 1 0 1 0 1 1 1 1 2 1 0 1 0 1 1 0 0 1 1 1 1 0 0 1 0 1 1 1 1 0 1 0 1
 0 1 2 1 1 1 0 1 1 0 1 1 0 1 1 0 1 1 1 0 0 0 0 1 0 1 0 1 1 1 1 0 0 1 1 0 0
 0 0 0 0 0 1 0 0 0 0 1 1 1 1 1 0 1 1 1 0 0 1 0 1 1 2 1 0 1 1 1 1 1 1 1 1 1
 1 0 1 0 0 0 1 1 1 1 1 1 1 0 1 1 1 1 1 1 1 0 1 0 0 0 0 0 1 1 1 1 1 0 1 1 0
 0 1 0 1 0 1 0 1 1 0 1 0 0 1 1 1 1 1 2 1 0 1 1 1 0 0 1 1 0 0 1 1 1 0 1 0 0
 0 1 2 1 0 1 1 0 0 0 1 0 0 1 1 0 0 1 1 0 1 1 1 0 1 1 1 1 2 1 2 1 0 0 1 1 1
 1 1 1 0 0 0 1 0 1 0 1 1 2 0 0 1 1 1 1 1 0 0 1 1 1 1 1 1 1 0 0 0 2 1 1 1 0
 1 1 1 1 1 0 0 1 0 0 1 0 0 0 1 1 0 0 0 0 0 0 1 1 0 1 1 1 0 0 0 0 1 1 0 1 1
 1 1 1 0 0 1 1 1 1 1 1 1 1 1 1 1 1 1 1 1 1 1 0 0 0 0 1 1 0 1 1 1 0 1 1 1 2
 1]"
dbscan,2,,,,,0.024703723474261474,200,0.01,cosine,3,0.8806870335954253,0.31552640058902404,6.0,correlation,0.9959325159758127,"[0 0 0 0 0 1 0 0 0 0 0 0 0 0 0 0 0 0 0 0 0 0 0 0 0 0 0 0 0 0 0 0 0 0 0 0 0
 0 0 0 0 0 0 1 0 0 0 0 0 0 0 0 1 0 0 0 0 0 0 0 0 0 0 0 0 1 0 0 0 0 0 0 0 1
 1 0 0 1 0 0 1 0 0 0 0 0 0 0 1 0 1 0 0 0 0 0 1 0 0 0 0 0 0 0 0 1 0 0 0 0 0
 0 0 0 0 0 0 0 0 0 0 0 0 0 0 0 0 0 0 0 0 0 0 0 0 0 1 0 0 0 0 0 0 0 0 0 0 0
 0 0 0 0 1 0 1 0 1 0 1 0 0 0 1 0 1 0 1 0 0 0 0 0 0 0 0 0 0 1 0 1 1 0 0 0 0
 0 0 0 0 1 0 0 0 0 0 0 0 0 0 0 0 0 0 0 0 0 1 1 1 0 0 1 0 0 0 0 0 0 1 0 0 0
 0 0 0 0 1 0 0 0 0 0 0 0 0 0 0 0 1 0 0 0 0 0 0 0 0 0 0 0 0 0 0 0 0 0 0 0 0
 0 0 0 0 0 0 0 0 0 0 1 0 0 0 0 0 1 1 0 0 0 0 0 0 0 0 0 0 0 0 1 0 0 0 1 0 0
 1 0 0 0 0 0 0 0 0 0 0 0 0 0 1 0 0 0 1 0 0 0 0 0 0 0 0 0 0 0 0 0 0 0 0 0 0
 0 0 0 0 0 1 0 1 0 1 0 0 0 0 0 1 1 0 0 0 1 0 0 0 0 0 0 0 0 0 0 0 0 0 0 1 0
 0 0 0 0 0 0 0 0 0 0 0 0 1 1 0 0 0 0 0 1 0 0 0 0 0 0 0 0 0 0 0 0 0 1 0 0 1
 1 1 0 0 0 0 0 0 0 0 1 1 0 0 1 0 0 0 0 0 0 0 1 0 0 0 0 0 0 1 0 1 0 0 0 0 0
 1 0 0 1 0 0 0 0 0 1 0 0 0 0 0 0 0 0 1 1 0 0 0 0 0 0 0 1 0 0 0 0 0 0 1 0 0
 0 0 1 0 0 0 0 0 0 0 0 0 0 0 0 0 0 0 0 0 0 0 0 0 0 0 0 0 1 0 0 0 0 0 0 0 0
 0 0 0 0 0 1 0 0 1 1 0 0 0 0 0 0 0 0 1 0 0 0 0 0 0 0 0 0 0 0 1 0 0 0 0 0 0
 0 0 0 0 0 0 0 0 1 0 0 0 0 1 0 1 0 0 0 0 0 0 0 0 0 0 0 0 0 0 0 0 1 0 0 0 0
 0 0 0 0 1 0 1 1 0 0 0 0 0 0 0 0 0 0 1 0 0 0 1 0 0 0 0 0 0 0 0 0 0 0 0 0 1
 0 0 0 1 1 0 0 0 0 0 0 0 0 0 0 0 0 0 0 0 0 1 0 0 1 0 0 0 0 0 0 0 0 0 0 0 0
 0 0 0 0 0 0 1 0 1 0 0 0 0 0 0 1 0 1 0 0 0 0 0 0 1 0 0 0 0 0 0 0 1 0 1 0 0
 0 0 0 1 0 0 0 1 0 0 0 0 0 1 0 0 0 0 0 0 0 0 0 0 0 0 0 0 0 1 0 0 0 1 0 0 0
 0 0 0 0 0 0 0 0 0 0 0 0 0 1 0 0 0 1 0 0 0 0 0 1 1 0 0 0 0 0 0 0 0 0 1 1 0
 0 0 1 0 0 0 0 0 0 0 0 0 0 0 0 0 1 1 0 0 1 1 0 0 0 0 0 0 0 0 1 0 0 0 0 0 0
 0 0 0 0 0 0 0 0 0 0 0 0 0 0 0 1 0 0 0 0 0 0 0 1 0 0 1 1 0 0 0 1 0 0 1 0 0
 0 0 0 0 0 1 1 0 0 0 0 0 0 0 1 0 0 0 1 0 0 1 0 0 1 0 0 1 0 0 0 0 0 0 0 0 0
 1 0 1 0 0 0 0 0 0 0 1 0 0 0 0 0 0 1 0 0 0 0 0 0 0 0 1 0 1 0 0 0 0 0 0 1 0
 0 0 0 0 0 0 0 0 0 0 0 0 0 0 0 0 0 0 0 0 0 0 0 1 0 0 0 0 0 0 0 0 0 1 0 0 0
 1 0 1 0 0 0 0 0 0 1 1 0 0 0 0 0 0 0 0 0 0 0 0 0 0 0 1 1 0 0 0 0 0 0 0 1 0
 0]"
dbscan,6,,,,,0.09345948527251098,10,0.1,correlation,3,0.9024348400203149,0.544983998660866,6.0,minkowski,0.7833543064362526,"[0 1 1 1 1 2 1 1 0 1 3 0 1 1 1 1 0 1 3 0 1 3 4 1 4 1 4 1 1 0 1 1 0 1 3 1 5
 1 1 1 1 5 0 2 5 1 0 0 5 1 1 4 2 5 1 1 1 1 1 3 0 3 1 0 5 2 1 5 0 1 5 1 0 2
 2 1 0 2 4 1 2 1 1 1 5 1 1 0 2 0 2 1 1 1 1 3 2 0 1 4 1 1 5 1 1 2 1 3 1 1 3
 1 1 1 1 1 0 1 1 1 1 1 1 4 5 1 1 1 5 1 1 1 5 1 1 5 2 1 1 0 1 0 0 1 1 0 0 1
 1 1 1 0 2 0 2 3 2 5 2 1 1 0 2 1 2 5 2 1 3 1 1 5 4 0 1 3 5 2 5 2 2 1 5 1 5
 0 3 1 1 2 1 5 5 4 1 1 1 1 3 5 3 1 1 4 3 5 2 2 2 1 1 2 1 0 3 1 1 4 2 5 1 1
 5 3 0 4 2 5 0 1 5 1 3 1 1 5 0 1 2 1 1 1 1 0 1 1 0 1 1 1 0 1 1 1 1 1 0 1 1
 0 1 1 3 3 1 4 1 3 0 2 0 1 1 1 0 2 2 0 1 0 0 5 0 0 3 1 5 0 1 2 0 1 0 2 0 1
 2 1 3 0 1 1 1 3 1 1 0 3 5 1 2 1 1 5 2 5 3 1 1 5 1 1 0 1 1 1 0 1 1 5 4 1 1
 0 3 1 1 4 2 1 2 0 2 1 0 1 1 1 2 2 1 1 1 2 1 1 3 1 0 0 1 0 1 4 5 1 1 1 2 1
 5 5 1 1 0 1 3 0 1 1 5 3 2 2 3 1 1 5 1 2 5 1 5 1 3 3 5 1 1 1 0 1 0 2 3 1 2
 2 2 5 1 1 0 5 1 1 5 2 2 4 0 2 5 4 1 5 1 5 1 2 1 5 5 1 3 1 2 0 2 0 5 0 1 1
 2 1 1 2 0 0 1 1 4 2 1 5 1 1 1 1 1 1 2 2 1 1 1 1 4 1 0 2 5 0 3 1 5 0 2 1 1
 0 5 2 1 5 3 0 3 1 5 4 1 5 5 1 1 0 0 1 4 1 0 1 1 5 0 0 0 2 0 1 1 1 0 1 0 1
 1 1 1 3 4 2 5 5 2 2 1 0 1 1 1 1 0 5 2 4 1 1 1 5 5 0 3 0 4 1 2 0 0 1 5 1 4
 1 3 0 3 5 3 1 4 2 5 1 1 1 2 0 2 1 1 5 1 0 1 0 5 1 0 1 1 1 1 1 0 2 1 3 5 1
 1 1 1 1 2 3 2 2 4 5 1 0 1 1 4 1 0 0 2 3 1 3 2 1 1 3 1 1 1 5 3 0 1 1 0 1 2
 1 5 5 2 2 1 1 0 3 3 1 1 0 0 0 1 1 1 1 5 1 2 1 3 2 1 0 5 3 4 1 1 1 0 1 1 1
 5 1 5 0 1 0 2 0 2 1 1 1 4 1 0 2 3 2 1 5 0 1 1 1 2 5 0 1 5 1 1 5 2 3 2 5 1
 0 1 4 2 1 1 0 2 1 0 1 1 5 2 1 3 1 1 1 5 0 3 5 1 3 1 0 1 1 2 1 5 5 2 1 3 3
 5 0 0 3 5 1 5 5 0 5 1 1 1 2 1 0 1 2 1 3 5 1 5 2 2 4 1 3 1 1 1 1 1 1 2 2 1
 1 3 2 3 3 3 1 1 1 1 1 1 1 0 1 1 2 2 1 1 2 2 1 3 3 3 5 0 1 1 2 1 1 0 1 1 0
 0 1 0 1 5 1 0 1 1 5 1 3 0 1 5 2 1 1 4 1 3 1 1 2 5 5 2 2 0 5 1 2 1 5 2 0 0
 5 1 4 1 0 2 2 5 0 0 1 0 5 1 2 3 0 1 2 5 1 2 1 5 2 1 5 2 4 1 4 1 5 3 1 1 1
 2 1 2 5 3 5 1 5 1 3 2 1 4 3 5 1 1 2 1 1 0 3 1 1 1 1 2 1 2 3 5 0 4 1 1 2 0
 1 1 1 1 1 3 0 1 5 0 1 0 0 0 1 1 0 0 0 5 3 3 1 2 5 1 1 1 0 0 0 3 1 2 0 1 1
 2 1 2 0 5 1 1 1 1 2 2 1 1 1 1 1 1 1 1 1 1 1 5 5 5 3 2 2 0 1 5 1 0 1 1 2 4
 1]"
dbscan,7,,,,,0.06634481350020274,10,0.1,cosine,3,0.8996601320467242,0.5063058394618949,6.0,manhattan,0.8334352363533292,"[ 0  1  1  1  1  2  1  1  0  1  3  0  1  1  1  1  0  1  3  0  1  3  4  1
  4  1  4  1  1  0  1  1  0  1  3  1  5  1  1  1  1  5  0  2  5  1  0  0
  5  1  1  4  6  5  1  1  1  1  1  3  0  3  1  0  5  2  1  5  0  1  5  1
  0  2  2  1  0  6  4  1  6  1  1  1  5  1  1  0  6  0  2  1  1  1  1  3
  6  0  1  4  1  1  5  1  1  6  1  3  1  1  3  1  1  1  1  1  0  1  1  1
  1  1  1  4  5  1  1  1  5  1  1  1  5  1  1  5  2  1  1  0  1  0  0  1
  1  0  0  1  1  1  1  0  6  0  2  3  2  1  6  1  1  0  2  1  2  5  6  1
  3  1  1  5  4  0  1  3  5  6  5  2  6  1  5  1  5  0  3  1  1  6  1  5
  5  4  1  1  1  1  3  5  3  1  1  4  3  0  2  2  2  1  1  2  1  0  3  1
  1  4  2  5  1  1  5  3  0  4  6  5  0  1  5  1  3  1  1  5  0  1  6  1
  1  1  1  0  1  1  0  1  1  1  0  1  1  1  1  1  0  1  1  0  1  1  3  3
  1  4  1  3  0  6  0  1  1  1  0  6  6  0  1  0  0  5  0  0  3  1  5  0
  1  2  0  1  0  6  0  1  2  1  3  0  1  1  1  3  1  1  0  3  5  1  2  1
  1  5  2  5 -1  1  1  5  1  1  0  1  1  1  0  1  1  5  4  1  1  0  3  1
  1  4  2  1  6  0  6  1  0  1  1  1  6  2  1  1  1  2  1  1  3  1  0  0
  1  0  1  4  5  1  1  1  6  1  5  5  1  1  0  1  3  0  1  1  0  3  6  6
  3  1  1  5  1  2  5  1  5  1  3  3  5  1  1  1  0  1  0  2  3  1  6  2
  6  5  1  1  0  5  1  1  5  6  2  4  0  2  5  4  1  5  1  5  1  6  1  5
  5  1  3  1  6  0  6  0  5  0  1  1  2  1  1  6  0  0  1  1  4  6  1  5
  1  1  1  1  1  1  6  2  1  1  1  1  4  1  0  2  5  0  3  1  5  0  6  1
  1  0  5  2  1  5  3  0  3  1  5  4  1  5  5  1 -1  0  0  1  4  1  0  1
  1  5  0  0  0  2  0  1  1  1  0  1  0  1  1  1  1  3  4  2  1  5  2  6
  1  0  1  1  1  1  0  1  2  4  1  1  1  5  5  0  3  0  4  1  6  0  0  1
  5  1  4  1  3  0  3  5  3  1  4  6  5  1  1  1  6  0  6  1  1  5  1  0
  1  0  5  1  3  1  1  1  1  1  0  6  1  3  5  1  1  1  1  1  2  3  2  6
  4  5  1  0  1  1  4  1  0  5  2  3  1  3  6  1  1  3  1  1  1  1  3  0
  1  1  0  1  6  1  5 -1  6  6  1  1  0  3  3  1  1  0  0  0  1  1  1  1
  5  1  6  1  3  2  1  0  5  3  4  1  1  1  0  1  1  1  5  1  5  0  1  0
  6  0  6  1  1  1  4  1  0  2  3  6  1  5  0  1  1  1  2  5  0  1  5  1
  1 -1  2  3  6  5  1  0  1  4  6  1  1  0  2  1  0  1  1  5  2  1  3  1
  1  1  5  0  3  5  1  3  1  0  1  1  6  1  5  5  6  1  3  3  5  0  0  3
  5  1  5  5  0  5  1  1  1  2  1  0  1  6  1  3  5  1  3  2  2  4  1  3
  1  1  1  1  1  1  6  2  1  1  3  6  3  3  3  1  1  1  1  1  1  1  0  1
  1  6  6  1  1  2  6  1  3  3  3  5  0  1  1  2  1  1  0  1  1  0  0  1
  0  1  5  1  0  1  1  5  1  3  0  1 -1  6  1  1  4  1  3  1  1  2  5  5
  2  6  0  5  1  2  1  5  2  0  0  5  1  4  1  0  6  2  5  0  0  1  0  5
  1  6  3  0  1  6  5  1  2  1  5  2  1 -1  6  4  1  4  1  5  3  1  1  1
  2  1  2  5  3  5  1  5  1  3  6  1  4  3  5  1  1  2  1  1  0  3  1  1
  1  1  2  1  6  3  5  0  4  1  1  6  0  1  1  1  1  1  3  0  1  5  0  1
  0  0  0  1  1  0  0  0  5  3  3  1  2  5  1  1  1  0  0  0  3  1  6  0
  1  1  6  1  2  0  5  1  1  1  1  2  6  1  1  1  1  1  1  1  1  1  1  1
  5  5  5  3  6  2  0  1  1  1  0  1  1  6  4  1]"
dbscan,3,,,,,0.08651933033846393,25,0.1,correlation,3,0.9002065280665281,0.326133531762507,6.0,correlation,0.9994851394124887,"[0 1 1 1 1 1 1 1 0 1 0 0 1 1 1 1 0 1 0 0 1 0 2 1 2 1 2 1 1 0 1 1 0 1 0 1 0
 1 1 1 1 0 0 1 0 1 0 0 0 1 1 2 1 0 1 1 1 1 1 0 0 0 1 0 0 1 1 0 0 1 0 1 0 1
 1 1 0 1 2 1 1 1 1 1 0 1 1 0 1 0 1 1 1 1 1 0 1 0 1 2 1 1 0 1 1 1 1 0 1 1 0
 1 1 1 1 1 0 1 1 1 1 1 1 2 0 1 1 1 0 1 1 1 0 1 1 0 1 1 1 0 1 0 0 1 1 0 0 1
 1 1 1 0 1 0 1 0 1 0 1 1 1 0 1 1 1 0 1 1 0 1 1 0 2 0 1 0 0 1 0 1 1 1 0 1 0
 0 0 1 1 1 1 0 0 2 1 1 1 1 0 0 0 1 1 2 0 0 1 1 1 1 1 1 1 0 0 1 1 2 1 0 1 1
 0 0 0 2 1 0 0 1 0 1 0 1 1 0 0 1 1 1 1 1 1 0 1 1 0 1 1 1 0 1 1 1 1 1 0 1 1
 0 1 1 0 0 1 2 1 0 0 1 0 1 1 1 0 1 1 0 1 0 0 0 0 0 0 1 0 0 1 1 0 1 0 1 0 1
 1 1 0 0 1 1 1 0 1 1 0 0 0 1 1 1 1 0 1 0 0 1 1 0 1 1 0 1 1 1 0 1 1 0 2 1 1
 0 0 1 1 2 1 1 1 0 1 1 0 1 1 1 1 1 1 1 1 1 1 1 0 1 0 0 1 0 1 2 0 1 1 1 1 1
 0 0 1 1 0 1 0 0 1 1 0 0 1 1 0 1 1 0 1 1 0 1 0 1 0 0 0 1 1 1 0 1 0 1 0 1 1
 1 1 0 1 1 0 0 1 1 0 1 1 2 0 1 0 2 1 0 1 0 1 1 1 0 0 1 0 1 1 0 1 0 0 0 1 1
 1 1 1 1 0 0 1 1 2 1 1 0 1 1 1 1 1 1 1 1 1 1 1 1 2 1 0 1 0 0 0 1 0 0 1 1 1
 0 0 1 1 0 0 0 0 1 0 2 1 0 0 1 1 0 0 1 2 1 0 1 1 0 0 0 0 1 0 1 1 1 0 1 0 1
 1 1 1 0 2 1 0 0 1 1 1 0 1 1 1 1 0 0 1 2 1 1 1 0 0 0 0 0 2 1 1 0 0 1 0 1 2
 1 0 0 0 0 0 1 2 1 0 1 1 1 1 0 1 1 1 0 1 0 1 0 0 1 0 1 1 1 1 1 0 1 1 0 0 1
 1 1 1 1 1 0 1 1 2 0 1 0 1 1 2 1 0 0 1 0 1 0 1 1 1 0 1 1 1 0 0 0 1 1 0 1 1
 1 0 0 1 1 1 1 0 0 0 1 1 0 0 0 1 1 1 1 0 1 1 1 0 1 1 0 0 0 2 1 1 1 0 1 1 1
 0 1 0 0 1 0 1 0 1 1 1 1 2 1 0 1 0 1 1 0 0 1 1 1 1 0 0 1 0 1 1 0 1 0 1 0 1
 0 1 2 1 1 1 0 1 1 0 1 1 0 1 1 0 1 1 1 0 0 0 0 1 0 1 0 1 1 1 1 0 0 1 1 0 0
 0 0 0 0 0 1 0 0 0 0 1 1 1 1 1 0 1 1 1 0 0 1 0 1 1 2 1 0 1 1 1 1 1 1 1 1 1
 1 0 1 0 0 0 1 1 1 1 1 1 1 0 1 1 1 1 1 1 1 1 1 0 0 0 0 0 1 1 1 1 1 0 1 1 0
 0 1 0 1 0 1 0 1 1 0 1 0 0 1 0 1 1 1 2 1 0 1 1 1 0 0 1 1 0 0 1 1 1 0 1 0 0
 0 1 2 1 0 1 1 0 0 0 1 0 0 1 1 0 0 1 1 0 1 1 1 0 1 1 0 1 2 1 2 1 0 0 1 1 1
 1 1 1 0 0 0 1 0 1 0 1 1 2 0 0 1 1 1 1 1 0 0 1 1 1 1 1 1 1 0 0 0 2 1 1 1 0
 1 1 1 1 1 0 0 1 0 0 1 0 0 0 1 1 0 0 0 0 0 0 1 1 0 1 1 1 0 0 0 0 1 1 0 1 1
 1 1 1 0 0 1 1 1 1 1 1 1 1 1 1 1 1 1 1 1 1 1 0 0 0 0 1 1 0 1 0 1 0 1 1 1 2
 1]"
dbscan,3,,,,,0.05527741676302644,25,0.1,cosine,3,0.9015488565488565,0.2517342790331666,6.0,cosine,0.991938819833748,"[0 0 0 0 0 1 0 0 0 0 0 0 0 0 0 0 0 0 0 0 0 0 2 0 2 0 2 0 0 0 0 0 0 0 0 0 0
 0 0 0 0 0 0 1 0 0 0 0 0 0 0 2 1 0 0 0 0 0 0 0 0 0 0 0 0 1 0 0 0 0 0 0 0 1
 1 0 0 1 2 0 1 0 0 0 0 0 0 0 1 0 1 0 0 0 0 0 1 0 0 2 0 0 0 0 0 1 0 0 0 0 0
 0 0 0 0 0 0 0 0 0 0 0 0 2 0 0 0 0 0 0 0 0 0 0 0 0 1 0 0 0 0 0 0 0 0 0 0 0
 0 0 0 0 1 0 1 0 1 0 1 0 0 0 1 0 1 0 1 0 0 0 0 0 2 0 0 0 0 1 0 1 1 0 0 0 0
 0 0 0 0 1 0 0 0 2 0 0 0 0 0 0 0 0 0 2 0 0 1 1 1 0 0 1 0 0 0 0 0 2 1 0 0 0
 0 0 0 2 1 0 0 0 0 0 0 0 0 0 0 0 1 0 0 0 0 0 0 0 0 0 0 0 0 0 0 0 0 0 0 0 0
 0 0 0 0 0 0 2 0 0 0 1 0 0 0 0 0 1 1 0 0 0 0 0 0 0 0 0 0 0 0 1 0 0 0 1 0 0
 1 0 0 0 0 0 0 0 0 0 0 0 0 0 1 0 0 0 1 0 0 0 0 0 0 0 0 0 0 0 0 0 0 0 2 0 0
 0 0 0 0 2 1 0 1 0 1 0 0 0 0 0 1 1 0 0 0 1 0 0 0 0 0 0 0 0 0 2 0 0 0 0 1 0
 0 0 0 0 0 0 0 0 0 0 0 0 1 1 0 0 0 0 0 1 0 0 0 0 0 0 0 0 0 0 0 0 0 1 0 0 1
 1 1 0 0 0 0 0 0 0 0 1 1 2 0 1 0 2 0 0 0 0 0 1 0 0 0 0 0 0 1 0 1 0 0 0 0 0
 1 0 0 1 0 0 0 0 2 1 0 0 0 0 0 0 0 0 1 1 0 0 0 0 2 0 0 1 0 0 0 0 0 0 1 0 0
 0 0 1 0 0 0 0 0 0 0 2 0 0 0 0 0 0 0 0 2 0 0 0 0 0 0 0 0 1 0 0 0 0 0 0 0 0
 0 0 0 0 2 1 0 0 1 1 0 0 0 0 0 0 0 0 1 2 0 0 0 0 0 0 0 0 2 0 1 0 0 0 0 0 2
 0 0 0 0 0 0 0 2 1 0 0 0 0 1 0 1 0 0 0 0 0 0 0 0 0 0 0 0 0 0 0 0 1 0 0 0 0
 0 0 0 0 1 0 1 1 2 0 0 0 0 0 2 0 0 0 1 0 0 0 1 0 0 0 0 0 0 0 0 0 0 0 0 0 1
 0 0 0 1 1 0 0 0 0 0 0 0 0 0 0 0 0 0 0 0 0 1 0 0 1 0 0 0 0 2 0 0 0 0 0 0 0
 0 0 0 0 0 0 1 0 1 0 0 0 2 0 0 1 0 1 0 0 0 0 0 0 1 0 0 0 0 0 0 0 1 0 1 0 0
 0 0 2 1 0 0 0 1 0 0 0 0 0 1 0 0 0 0 0 0 0 0 0 0 0 0 0 0 0 1 0 0 0 1 0 0 0
 0 0 0 0 0 0 0 0 0 0 0 0 0 1 0 0 0 1 0 0 0 0 0 1 1 2 0 0 0 0 0 0 0 0 1 1 0
 0 0 1 0 0 0 0 0 0 0 0 0 0 0 0 0 1 1 0 0 1 1 0 0 0 0 0 0 0 0 1 0 0 0 0 0 0
 0 0 0 0 0 0 0 0 0 0 0 0 0 0 0 1 0 0 2 0 0 0 0 1 0 0 1 1 0 0 0 1 0 0 1 0 0
 0 0 2 0 0 1 1 0 0 0 0 0 0 0 1 0 0 0 1 0 0 1 0 0 1 0 0 1 2 0 2 0 0 0 0 0 0
 1 0 1 0 0 0 0 0 0 0 1 0 2 0 0 0 0 1 0 0 0 0 0 0 0 0 1 0 1 0 0 0 2 0 0 1 0
 0 0 0 0 0 0 0 0 0 0 0 0 0 0 0 0 0 0 0 0 0 0 0 1 0 0 0 0 0 0 0 0 0 1 0 0 0
 1 0 1 0 0 0 0 0 0 1 1 0 0 0 0 0 0 0 0 0 0 0 0 0 0 0 1 1 0 0 0 0 0 0 0 1 2
 0]"
dbscan,3,,,,,0.09754801615754372,50,0.1,correlation,3,0.895911930773391,0.32774424848256273,6.0,correlation,0.9994290476214227,"[0 1 1 1 1 1 1 1 0 1 0 0 1 1 1 1 0 1 0 0 1 0 2 1 2 1 2 1 1 0 1 1 0 1 0 1 0
 1 1 1 1 0 0 1 0 1 0 0 0 1 1 2 1 0 1 1 1 1 1 0 0 0 1 0 0 1 1 0 0 1 0 1 0 1
 1 1 0 1 2 1 1 1 1 1 0 1 1 0 1 0 1 1 1 1 1 0 1 0 1 2 1 1 0 1 1 1 1 0 1 1 0
 1 1 1 1 1 0 1 1 1 1 1 1 2 0 1 1 1 0 1 1 1 0 1 1 0 1 1 1 0 1 0 0 1 1 0 0 1
 1 1 1 0 1 0 1 0 1 0 1 1 1 0 1 1 1 0 1 1 0 1 1 0 2 0 1 0 0 1 0 1 1 1 0 1 0
 0 0 1 1 1 1 0 0 2 1 1 1 1 0 0 0 1 1 2 0 0 1 1 1 1 1 1 1 0 0 1 1 2 1 0 1 1
 0 0 0 2 1 0 0 1 0 1 0 1 1 0 0 1 1 1 1 1 1 0 1 1 0 1 1 1 0 1 1 1 1 1 0 1 1
 0 1 1 0 0 1 2 1 0 0 1 0 1 1 1 0 1 1 0 1 0 0 0 0 0 0 1 0 0 1 1 0 1 0 1 0 1
 1 1 0 0 1 1 1 0 1 1 0 0 0 1 1 1 1 0 1 0 0 1 1 0 1 1 0 1 1 1 0 1 1 0 2 1 1
 0 0 1 1 2 1 1 1 0 1 1 0 1 1 1 1 1 1 1 1 1 1 1 0 1 0 0 1 0 1 2 0 1 1 1 1 1
 0 0 1 1 0 1 0 0 1 1 0 0 1 1 0 1 1 0 1 1 0 1 0 1 0 0 0 1 1 1 0 1 0 1 0 1 1
 1 1 0 1 1 0 0 1 1 0 1 1 2 0 1 0 2 1 0 1 0 1 1 1 0 0 1 0 1 1 0 1 0 0 0 1 1
 1 1 1 1 0 0 1 1 2 1 1 0 1 1 1 1 1 1 1 1 1 1 1 1 2 1 0 1 0 0 0 1 0 0 1 1 1
 0 0 1 1 0 0 0 0 1 0 2 1 0 0 1 1 0 0 1 2 1 0 1 1 0 0 0 0 1 0 1 1 1 0 1 0 1
 1 1 1 0 2 1 0 0 1 1 1 0 1 1 1 1 0 0 1 2 1 1 1 0 0 0 0 0 2 1 1 0 0 1 0 1 2
 1 0 0 0 0 0 1 2 1 0 1 1 1 1 0 1 1 1 0 1 0 1 0 0 1 0 1 1 1 1 1 0 1 1 0 0 1
 1 1 1 1 1 0 1 1 2 0 1 0 1 1 2 1 0 0 1 0 1 0 1 1 1 0 1 1 1 0 0 0 1 1 0 1 1
 1 0 1 1 1 1 1 0 0 0 1 1 0 0 0 1 1 1 1 0 1 1 1 0 1 1 0 0 0 2 1 1 1 0 1 1 1
 0 1 0 0 1 0 1 0 1 1 1 1 2 1 0 1 0 1 1 0 0 1 1 1 1 0 0 1 0 1 1 0 1 0 1 0 1
 0 1 2 1 1 1 0 1 1 0 1 1 0 1 1 0 1 1 1 0 0 0 0 1 0 1 0 1 1 1 1 0 0 1 1 0 0
 0 0 0 0 0 1 0 0 0 0 1 1 1 1 1 0 1 1 1 0 0 1 0 1 1 2 1 0 1 1 1 1 1 1 1 1 1
 1 0 1 0 0 0 1 1 1 1 1 1 1 0 1 1 1 1 1 1 1 0 1 0 0 0 0 0 1 1 1 1 1 0 1 1 0
 0 1 0 1 0 1 0 1 1 0 1 0 0 1 0 1 1 1 2 1 0 1 1 1 0 0 1 1 0 0 1 1 1 0 1 0 0
 0 1 2 1 0 1 1 0 0 0 1 0 0 1 1 0 0 1 1 0 1 1 1 0 1 1 0 1 2 1 2 1 0 0 1 1 1
 1 1 1 0 0 0 1 0 1 0 1 1 2 0 0 1 1 1 1 1 0 0 1 1 1 1 1 1 1 0 0 0 2 1 1 1 0
 1 1 1 1 1 0 0 1 0 0 1 0 0 0 1 1 0 0 0 0 0 0 1 1 0 1 1 1 0 0 0 0 1 1 0 1 1
 1 1 1 0 0 1 1 1 1 1 1 1 1 1 1 1 1 1 1 1 1 1 0 0 0 0 1 1 0 1 1 1 0 1 1 1 2
 1]"
dbscan,5,,,,,0.04760727258311489,50,0.1,cosine,3,0.8970253326122228,0.4694886568210238,6.0,minkowski,0.9449164472739533,"[ 0  1  1  1  1  2  1  1  0  1  0  0  1  1  1  1  0  1  0  0  1  0  3  1
  3  1  3  1  1  0  1  1  0  1  0  1  4  1  1  1  1  4  0  2  4  1  0  0
  4  1  1  3  2  4  1  1  1  1  1  0  0  0  1  0  4  2  1  4  0  1  4  1
  0  2  2  1  0  2  3  1  2  1  1  1  4  1  1  0  2  0  2  1  1  1  1  0
  2  0  1  3  1  1  4  1  1  2  1  0  1  1  0  1  1  1  1  1  0  1  1  1
  1  1  1  3  4  1  1  1  4  1  1  1  4  1  1  4  2  1  1  0  1  0  0  1
  1  0  0  1  1  1  1  0  2  0  2  0  2  4  2  1  1  0  2  1  2  4  2  1
  0  1  1  4  3  0  1  0  4  2  4  2  2  1  4  1  4  0  0  1  1  2  1  4
  4  3  1  1  1  1  0  4  0  1  1  3  0  0  2  2  2  1  1  2  1  0  0  1
  1  3  2  4  1  1  4  0  0  3  2  4  0  1  4  1  0  1  1  4  0  1  2  1
  1  1  1  0  1  1  0  1  1  1  0  1  1  1  1  1  0  1  1  0  1  1  0  0
  1  3  1  0  0  2  0  1  1  1  0  2  2  0  1  0  0  4  0  0  0  1  4  0
  1  2  0  1  0  2  0  1  2  1  0  0  1  1  1  0  1  1  0  0  4  1  2  1
  1  4  2  4  0  1  1  4  1  1  0  1  1  1  0  1  1  4  3  1  1  0  0  1
  1  3  2  1  2  0  2  1  0  1  1  1  2  2  1  1  1  2  1  1  0  1  0  0
  1  0  1  3  4  1  1  1  2  1  4  4  1  1  0  1  0  0  1  1  0  0  2  2
  0  1  1  4  1  2  4  1  4  1  0  0  4  1  1  1  0  1  0  2  0  1  2  2
  2  4  1  1  0  4  1  1  4  2  2  3  0  2  4  3  1  4  1  4  1  2  1  4
  4  1  0  1  2  0  2  0  4  0  1  1  2  1  1  2  0  0  1  1  3  2  1  4
  1  1  1  1  1  1  2  2  1  1  1  1  3  1  0  2  4  0  0  1  4  0  2  1
  1  0  4  2  1  4  0  0  0  1  4  3  1  4  4  1  1  0  0  1  3  1  0  1
  1  4  0  0  0  2  0  1  1  1  0  1  0  1  1  1  1  0  3  2  4  4  2  2
  1  0  1  1  1  1  0  4  2  3  1  1  1  4  4  0  0  0  3  1  2  0  0  1
  4  1  3  1  0  0  0  4  0  1  3  2  4  1  1  1  2  0  2  1  1  4  1  0
  1  0  4  1  0  1  1  1  1  1  0  2  1  0  4  1  1  1  1  1  2  0  2  2
  3  4  1  0  1 -1  3  1  0  4  2  0  1  0  2  1  1  0  1  1  1  4  0  0
  1  1  0  1  2  1  4  1  2  2  1  1  0  0  0  1  1  0  0  0  1  1  1  1
  4  1  2  1  0  2  1  0  4  0  3  1  1  1  0  1  1  1  4  1  4  0  1  0
  2  0  2  1  1  1  3  1  0  2  0  2  1  4  0  1  1  1  2  4  0  1  4  1
  1  4  2  0  2  4  1  0  1  3  2  1  1  0  2  1  0  1  1  4  2  1  0  1
  1  1  4  0  0  4  1  0  1  0  1  1  2  1  4  4  2  1  0  0  4  0  0  0
  4  1  4  4  0  4  1  1  1  2  1  0  1  2  1  0  4  1  0  2  2  3  1  0
  1  1  1  1  1  1  2  2  1  1  0  2  0  0  0  1  1  1  1  1  1  1  0  1
  1  2  2  1  1  2  2  1  0  0  0  4  0  1  1  2  1  1  0  1  1  0  0  1
  0  1  4  1  0  1  1  4  1  0  0  1  4  2  1  1  3  1  0  1  1  2  4  4
  2  2  0  4  1  2  1  4  2  0  0  4  1  3  1  0  2  2  4  0  0  1  0  4
  1  2  0  0  1  2  4  1  2  1  4  2  1  4  2  3  1  3  1  4  0  1  1  1
  2  1  2  4  0  4  1  4  1  0  2  1  3  0  4  1  1  2  1  1  0  0  1  1
  1  1  2  1  2  0  4  0  3  1  1  2  0  1  1  1  1  1  0  0  1  4  0  1
  0  0  0  1  1  0  0  0  4  0  0  1  2  4  1  1  1  0  0  0  0  1  2  0
  1  1  2  1  2  0  4  1  1  1  1  2  2  1  1  1  1 -1  1  1  1  1  1  1
  4  4  4  0  2  2  0  1  1 -1  0  1  1  2  3  1]"
dbscan,3,,,,,0.1115873235104114,100,0.1,correlation,3,0.8925679340788699,0.3137213442804234,5.0,correlation,0.9978793333204408,"[0 1 1 1 1 2 1 1 0 1 0 0 1 1 1 1 0 1 0 0 1 0 1 1 1 1 1 1 1 0 1 1 0 1 0 1 0
 1 1 1 1 0 0 2 0 1 0 0 0 1 1 1 2 0 1 1 1 1 1 0 0 0 1 0 0 2 1 0 0 1 0 1 0 2
 2 1 0 2 1 1 2 1 1 1 0 1 1 0 2 0 2 1 1 1 1 0 2 0 1 1 1 1 0 1 1 2 1 0 1 1 0
 1 1 1 1 1 0 1 1 1 1 1 1 1 0 1 1 1 0 1 1 1 0 1 1 0 2 1 1 0 1 0 0 1 1 0 0 1
 1 1 1 0 2 0 2 0 2 0 2 1 1 0 2 1 2 0 2 1 0 1 1 0 1 0 1 0 0 2 0 2 2 1 0 1 0
 0 0 1 1 2 1 0 0 1 1 1 1 1 0 0 0 1 1 1 0 0 2 2 2 1 1 2 1 0 0 1 1 1 2 0 1 1
 0 0 0 1 2 0 0 1 0 1 0 1 1 0 0 1 2 1 1 1 1 0 1 1 0 1 1 1 0 1 1 1 1 1 0 1 1
 0 1 1 0 0 1 1 1 0 0 2 0 1 1 1 0 2 2 0 1 0 0 0 0 0 0 1 0 0 1 2 0 1 0 2 0 1
 2 1 0 0 1 1 1 0 1 1 0 0 0 1 2 1 1 0 2 0 0 1 1 0 1 1 0 1 1 1 0 1 1 0 1 1 1
 0 0 1 1 1 2 1 2 0 2 1 0 1 1 1 2 2 1 1 1 2 1 1 0 1 0 0 1 0 1 1 0 1 1 1 2 1
 0 0 1 1 0 1 0 0 1 1 0 0 2 2 0 1 1 0 1 2 0 1 0 1 0 0 0 1 1 1 0 1 0 2 0 1 2
 2 2 0 1 1 0 0 1 1 0 2 2 1 0 2 0 1 1 0 1 0 1 2 1 0 0 1 0 1 2 0 2 0 0 0 1 1
 2 1 1 2 0 0 1 1 1 2 1 0 1 1 1 1 1 1 2 2 1 1 1 1 1 1 0 2 0 0 0 1 0 1 2 1 1
 0 0 2 1 0 0 0 0 1 0 1 1 0 0 1 1 0 0 1 1 1 0 1 1 0 0 0 0 2 0 1 1 1 0 1 0 1
 1 1 1 0 1 2 0 0 2 2 1 0 1 1 1 1 0 0 2 1 1 1 1 0 0 0 0 0 1 1 2 0 0 1 0 1 1
 1 0 0 0 0 0 1 1 2 0 1 1 1 2 0 2 1 1 0 1 0 1 0 0 1 0 1 1 1 1 1 0 2 1 0 0 1
 1 1 1 1 2 0 2 2 1 0 1 0 1 1 1 1 0 0 2 0 1 0 2 1 1 0 1 1 1 0 0 0 1 1 0 1 2
 1 0 1 2 2 1 1 0 0 0 1 1 0 0 0 1 1 1 1 0 1 2 1 0 2 1 0 0 0 1 1 1 1 0 1 1 1
 0 1 0 0 1 0 2 0 2 1 1 1 1 1 0 2 0 2 1 0 0 1 1 1 2 0 0 1 0 1 1 0 2 0 2 0 1
 0 1 1 2 1 1 0 2 1 0 1 1 0 2 1 0 1 1 1 0 0 0 0 1 0 1 0 1 1 2 1 0 0 2 1 0 0
 0 0 0 0 0 1 0 0 0 0 1 1 1 2 1 0 1 2 1 0 0 1 0 2 2 1 1 0 1 1 1 1 1 1 2 2 1
 1 0 2 0 0 0 1 1 1 1 1 1 1 0 1 1 2 2 1 1 2 0 1 0 0 0 0 0 1 1 2 1 1 0 1 1 0
 0 1 0 1 0 1 0 1 1 0 1 0 0 1 0 2 1 1 1 1 0 1 1 2 0 0 2 2 0 0 1 2 1 0 2 0 0
 0 1 1 1 1 2 2 0 0 0 1 0 0 1 2 0 0 1 2 0 1 2 1 0 2 1 0 2 1 1 1 1 0 0 1 1 1
 2 1 2 0 0 0 1 0 1 0 2 1 1 0 0 1 1 2 1 1 0 0 1 1 1 1 2 1 2 0 0 0 1 1 1 2 0
 1 1 1 1 1 0 0 1 0 0 1 0 0 0 1 1 0 0 0 0 0 0 1 2 0 1 1 1 0 0 0 0 1 2 0 1 1
 2 1 2 0 0 1 1 1 1 2 2 1 1 1 1 1 1 1 1 1 1 1 0 0 0 0 2 2 0 1 1 1 0 1 1 2 1
 1]"
dbscan,5,,,,,0.08999840001422676,100,0.1,cosine,3,0.8933610359034726,0.49318746543916403,6.0,minkowski,0.8749488924347064,"[ 0  1  1  1  1  2  1  1  0  1  0  0  1  1  1  1  0  1  0  0  1  0  3  1
  3  1  3  1  1  0  1  1  0  1  0  1  4  1  1  1  1  4  0  2  4  1  0  0
  4  1  1  3  2  4  1  1  1  1  1  0  0  0  1  0  4  2  1  4  0  1  4  1
  0  2  2  1  0  2  3  1  2  1  1  1  4  1  1  0  2  0  2  1  1  1  1  0
  2  0  1  3  1  1  4  1  1  2  1  0  1  1  0  1  1  1  1  1  0  1  1  1
  1  1  1  3  4  1  1  1  4  1  1  1  4  1  1  4  2  1  1  0  1  0  0  1
  1  0  0  1  1  1  1  0  2  0  2  0  2  4  2  1  1  0  2  1  2  4  2  1
  0  1  1  4  3  0  1  0  4  2  4  2  2  1  4  1  4  0  0  1  1  2  1  4
  4  3  1  1  1  1  0  4  0  1  1  3  0  0  2  2  2  1  1  2  1  0  0  1
  1  3  2  4  1  1  4  0  0  3  2  4  0  1  4  1  0  1  1  4  0  1  2  1
  1  1  1  0  1  1  0  1  1  1  0  1  1  1  1  1  0  1  1  0  1  1  0  0
  1  3  1  0  0  2  0  1  1  1  0  2  2  0  1  0  0  4  0  0  0  1  4  0
  1  2  0  1  0  2  0  1  2  1  0  0  1  1  1  0  1  1  0  0  4  1  2  1
  1  4  2  4  0  1  1  4  1  1  0  1  1  1  0  1  1  4  3  1  1  0  0  1
  1  3  2  1  2  0  2  1  0  1  1  1  2  2  1  1  1  2  1  1  0  1  0  0
  1  0  1  3  4  1  1  1  2  1  4  4  1  1  0  1  0  0  1  1  0  0  2  2
  0  1  1  4  1  2  4  1  4  1  0  0  4  1  1  1  0  1  0  2  0  1  2  2
  2  0  1  1  0  4  1  1  4  2  2  3  0  2  4  3  1  4  1  4  1  2  1  4
  4  1  0  1  2  0  2  0  4  0  1  1  2  1  1  2  0  0  1  1  3  2  1  4
  1  1  1  1  1  1  2  2  1  1  1  1  3  1  0  2  4  0  0  1  4  0  2  1
  1  0  4  2  1  4  0  0  0  1  4  3  1  4  4  1  1  0  0  1  3  1  0  1
  1  4  0  0  0  2  0  1  1  1  0  1  0  1  1  1  1  0  3  2  4  4  2  2
  1  0  1  1  1  1  0  4  2  3  1  1  1  4  4  0  0  0  3  1  2  0  0  1
  4  1  3  1  0  0  0  4  0  1  3  2  4  1  1  1  2  0  2  1  1  4  1  0
  1  0  4  1  0  1  1  1  1  1  0  2  1  0  4  1  1  1  1  1  2  0  2  2
  3  4  1  0  1 -1  3  1  0  4  2  0  1  0  2  1  1  0  1  1  1  4  0  0
  1  1  0  1  2  1  4  1  2  2  1  1  0  0  0  1  1  0  0  0  1  1  1  1
  4  1  2  1  0  2  1  0  4  0  3  1  1  1  0  1  1  1  4  1  4  0  1  0
  2  0  2  1  1  1  3  1  0  2  0  2  1  4  0  1  1  1  2  4  0  1  0  1
  1  4  2  0  2  4  1  0  1  3  2  1  1  0  2  1  0  1  1  4  2  1  0  1
  1  1  4  0  0  4  1  0  1  0  1  1  2  1  4  4  2  1  0  0  4  0  0  0
  4  1  4  4  0  4  1  1  1  2  1  0  1  2  1  0  4  1  0  2  2  3  1  0
  1  1  1  1  1  1  2  2  1  1  0  2  0  0  0  1  1  1  1  1  1  1  0  1
  1  2  2  1  1  2  2  1  0  0  0  4  0  1  1  2  1  1  0  1  1  0  0  1
  0  1  4  1  0  1  1  4  1  0  0  1  4  2  1  1  3  1  0  1  1  2  4  4
  2  2  0  4  1  2  1  4  2  0  0  4  1  3  1  0  2  2  4  0  0  1  0  4
  1  2  0  0  1  2  4  1  2  1  4  2  1  4  2  3  1  3  1  4  0  1  1  1
  2  1  2  4  0  4  1  4  1  0  2  1  3  0  4  1  1  2  1  1  0  0  1  1
  1  1  2  1  2  0  4  0  3  1  1  2  0  1  1  1  1  1  0  0  1  4  0  1
  0  0  0  1  1  0  0  0  4  0  0  1  2  4  1  1  1  0  0  0  0  1  2  0
  1  1  2  1  2  0  4  1  1  1  1  2  2  1  1  1  1  1  1  1  1  1  1  1
  4  4  4  0  2  2  0  1  1 -1  0  1  1  2  3  1]"
dbscan,3,,,,,0.10672905784941857,200,0.1,correlation,3,0.8682990922087205,0.29711284695838763,6.0,correlation,0.9998583516424241,"[0 1 1 1 1 1 1 1 0 1 0 0 1 1 1 1 0 1 0 0 1 0 2 1 2 1 2 1 1 0 1 1 0 1 0 1 0
 1 1 1 1 0 0 1 0 1 0 0 0 1 1 2 1 0 1 1 1 1 1 0 0 0 1 0 0 1 1 0 0 1 0 1 0 1
 1 1 0 1 2 1 1 1 1 1 0 1 1 0 1 0 1 1 1 1 1 0 1 0 1 2 1 1 0 1 1 1 1 0 1 1 0
 1 1 1 1 1 0 1 1 1 1 1 1 2 0 1 1 1 0 1 1 1 0 1 1 0 1 1 1 0 1 0 0 1 1 0 0 1
 1 1 1 0 1 0 1 0 1 0 1 1 1 0 1 1 1 0 1 1 0 1 1 0 2 0 1 0 0 1 0 1 1 1 0 1 0
 0 0 1 1 1 1 0 0 2 1 1 1 1 0 0 0 1 1 2 0 0 1 1 1 1 1 1 1 0 0 1 1 2 1 0 1 1
 0 0 0 2 1 0 0 1 0 1 0 1 1 0 0 1 1 1 1 1 1 0 1 1 0 1 1 1 0 1 1 1 1 1 0 1 1
 0 1 1 0 0 1 2 1 0 0 1 0 1 1 1 0 1 1 0 1 0 0 0 0 0 0 1 0 0 1 1 0 1 0 1 0 1
 1 1 0 0 1 1 1 0 1 1 0 0 0 1 1 1 1 0 1 0 0 1 1 0 1 1 0 1 1 1 0 1 1 0 2 1 1
 0 0 1 1 2 1 1 1 0 1 1 0 1 1 1 1 1 1 1 1 1 1 1 0 1 0 0 1 0 1 2 0 1 1 1 1 1
 0 0 1 1 0 1 0 0 1 1 0 0 1 1 0 1 1 0 1 1 0 1 0 1 0 0 0 1 1 1 0 1 0 1 0 1 1
 1 1 0 1 1 0 0 1 1 0 1 1 2 0 1 0 2 1 0 1 0 1 1 1 0 0 1 0 1 1 0 1 0 0 0 1 1
 1 1 1 1 0 0 1 1 2 1 1 0 1 1 1 1 1 1 1 1 1 1 1 1 2 1 0 1 0 0 0 1 0 0 1 1 1
 0 0 1 1 0 0 0 0 1 0 2 1 0 0 1 1 0 0 1 2 1 0 1 1 0 0 0 0 1 0 1 1 1 0 1 0 1
 1 1 1 0 2 1 0 0 1 1 1 0 1 1 1 1 0 0 1 2 1 1 1 0 0 0 0 0 2 1 1 0 0 1 0 1 2
 1 0 0 0 0 0 1 2 1 0 1 1 1 1 0 1 1 1 0 1 0 1 0 0 1 0 1 1 1 1 1 0 1 1 0 0 1
 1 1 1 1 1 0 1 1 2 0 1 0 1 1 2 1 0 0 1 0 1 0 1 1 1 0 1 1 1 0 0 0 1 1 0 1 1
 1 0 1 1 1 1 1 0 0 0 1 1 0 0 0 1 1 1 1 0 1 1 1 0 1 1 0 0 0 2 1 1 1 0 1 1 1
 0 1 0 0 1 0 1 0 1 1 1 1 2 1 0 1 0 1 1 0 0 1 1 1 1 0 0 1 0 1 1 1 1 0 1 0 1
 0 1 2 1 1 1 0 1 1 0 1 1 0 1 1 0 1 1 1 0 0 0 0 1 0 1 0 1 1 1 1 0 0 1 1 0 0
 0 0 0 0 0 1 0 0 0 0 1 1 1 1 1 0 1 1 1 0 0 1 0 1 1 2 1 0 1 1 1 1 1 1 1 1 1
 1 0 1 0 0 0 1 1 1 1 1 1 1 0 1 1 1 1 1 1 1 0 1 0 0 0 0 0 1 1 1 1 1 0 1 1 0
 0 1 0 1 0 1 0 1 1 0 1 0 0 1 1 1 1 1 2 1 0 1 1 1 0 0 1 1 0 0 1 1 1 0 1 0 0
 0 1 2 1 0 1 1 0 0 0 1 0 0 1 1 0 0 1 1 0 1 1 1 0 1 1 1 1 2 1 2 1 0 0 1 1 1
 1 1 1 0 0 0 1 0 1 0 1 1 2 0 0 1 1 1 1 1 0 0 1 1 1 1 1 1 1 0 0 0 2 1 1 1 0
 1 1 1 1 1 0 0 1 0 0 1 0 0 0 1 1 0 0 0 0 0 0 1 1 0 1 1 1 0 0 0 0 1 1 0 1 1
 1 1 1 0 0 1 1 1 1 1 1 1 1 1 1 1 1 1 1 1 1 1 0 0 0 0 1 1 0 1 1 1 0 1 1 1 2
 1]"
dbscan,5,,,,,0.04086690555816956,200,0.1,cosine,3,0.8822417869907077,0.596778989874508,6.0,minkowski,0.9565308214077245,"[ 0  1  1  1  1  2  1  1  0  1  0  0  1  1  1  1  0  1  0  0  1  0  3  1
  3  1  3  1  1  0  1  1  0  1  0  1  4  1  1  1  1  4  0  2  4  1  0  0
  4  1  1  3  2  4  1  1  1  1  1  0  0  0  1  0  4  2  1  4  0  1  4  1
  0  2  2  1  0  2  3  1  2  1  1  1  4  1  1  0  2  0  2  1  1  1  1  0
  2  0  1  3  1  1  4  1  1  2  1  0  1  1  0  1  1  1  1  1  0  1  1  1
  1  1  1  3  4 -1  1  1  4  1  1  1  4  1  1  4  2  1  1  0  1  0  0  1
  1  0  0  1  1  1  1  0  2  0  2  0  2  4  2  1  1  0  2  1  2  4  2  1
  0  1  1  4  3  0  1  0  4  2  4  2  2  1  4  1  4  0  0  1  1  2  1  4
  4  3  1  1  1  1  0  4  0  1  1  3  0  0  2  2  2  1  1  2  1  0  0  1
  1  3  2  4  1  1  4  0  0  3  2  4  0  1  4  1  0  1  1  4  0  1  2  1
  1  1  1  0  1  1  0  1  1  1  0  1  1  1  1  1  0  1  1  0  1  1  0  0
  1  3  1  0  0  2  0  1  1  1  0  2  2  0  1  0  0  4  0  0  0  1  4  0
  1  2  0  1  0  2  0  1  2  1  0  0  1  1  1  0  1  1  0  0  4  1  2  1
  1  4  2  4  0  1  1  4  1  1  0  1  1  1  0  1  1  4  3  1  1  0  0  1
  1  3  2  1  2  0  2  1  0  1  1  1  2  2  1  1  1  2  1  1  0  1  0  0
  1  0  1  3  4  1  1  1  2  1  4  4  1  1  0  1  0  0  1  1  0  0  2  2
  0  1  1  4  1  2  4  1  4  1  0  0  4  1  1  1  0  1  0  2  0  1  2  2
  2  4  1  1  0  4  1  1  4  2  2  3  0  2  4  3  1  4  1  4  1  2  1  4
  4  1  0  1  2  0  2  0  4  0  1  1  2  1  1  2  0  0  1  1  3  2  1  4
  1  1  1  1  1  1  2  2  1  1  1  1  3  1  0  2  4  0  0  1  4  0  2  1
  1  0  4  2  1  4  0  0  0  1  4  3  1  4  4  1 -1  0  0  1  3  1  0  1
  1  4  0  0  0  2  0  1  1  1  0  1  0  1  1  1  1  0  3  2  4  4  2  2
  1  0  1  1  1  1  0  4  2  3  1  1  1  4  4  0  0  0  3  1  2  0  0  1
  4  1  3  1  0  0  0  4  0  1  3  2  4  1  1  1  2  0  2  1  1  4  1  0
  1  0  4  1  0  1  1  1  1  1  0  2  1  0  4  1  1  1  1  1  2  0  2  2
  3  4  1  0  1 -1  3  1  0  4  2  0  1  0  2  1  1  0  1  1  1  4  0  0
  1  1  0  1  2  1  4 -1  2  2  1  1  0  0  0  1  1  0  0  0  1  1  1  1
  4  1  2  1  0  2  1  0  4  0  3  1  1  1  0  1  1  1  4  1  4  0  1  0
  2  0  2  1  1  1  3  1  0  2  0  2  1  4  0  1  1  1  2  4  0  1  0  1
  1  4  2  0  2  4  1  0  1  3  2  1  1  0  2  1  0  1  1  4  2  1  0  1
  1  1  4  0  0  4  1  0  1  0  1  1  2  1  4  4  2  1  0  0  4  0  0  0
  4  1  4  4  0  4  1  1  1  2  1  0  1  2  1  0  4  1  0  2  2  3  1  0
  1  1  1  1  1  1  2  2  1  1  0  2  0  0  0  1  1  1  1  1  1  1  0  1
  1  2  2  1  1  2  2  1  0  0  0  4  0  1  1  2  1  1  0  1  1  0  0  1
  0  1  4  1  0  1  1  4  1  0  0  1  4  2  1  1  3  1  0  1  1  2  4  4
  2  2  0  4  1  2  1  4  2  0  0  4  1  3  1  0  2  2  4  0  0  1  0  4
  1  2  0  0  1  2  4  1  2  1  4  2  1  4  2  3  1  3  1  4  0  1  1  1
  2  1  2  4  0  4  1  4  1  0  2  1  3  0  4  1  1  2  1  1  0  0  1  1
  1  1  2  1  2  0  4  0  3  1  1  2  0  1  1  1  1  1  0  0  1  4  0  1
  0  0  0  1  1  0  0  0  4  0  0  1  2  4  1  1  1  0  0  0  0  1  2  0
 -1  1  2  1  2  0  4  1  1  1  1  2  2  1  1  1  1 -1  1  1  1  1  1  1
  4  4  4  0  2  2  0  1  1 -1  0  1  1  2  3  1]"
dbscan,2,,,,,0.19649020558545208,10,0.5,correlation,3,0.9058288471305231,0.6213160699586012,6.0,correlation,0.9945789228789659,"[0 0 0 0 0 0 0 0 0 0 0 0 0 0 0 0 0 0 0 0 0 0 1 0 1 0 1 0 0 0 0 0 0 0 0 0 0
 0 0 0 0 0 0 0 0 0 0 0 0 0 0 1 0 0 0 0 0 0 0 0 0 0 0 0 0 0 0 0 0 0 0 0 0 0
 0 0 0 0 1 0 0 0 0 0 0 0 0 0 0 0 0 0 0 0 0 0 0 0 0 1 0 0 0 0 0 0 0 0 0 0 0
 0 0 0 0 0 0 0 0 0 0 0 0 1 0 0 0 0 0 0 0 0 0 0 0 0 0 0 0 0 0 0 0 0 0 0 0 0
 0 0 0 0 0 0 0 0 0 0 0 0 0 0 0 0 0 0 0 0 0 0 0 0 1 0 0 0 0 0 0 0 0 0 0 0 0
 0 0 0 0 0 0 0 0 1 0 0 0 0 0 0 0 0 0 1 0 0 0 0 0 0 0 0 0 0 0 0 0 1 0 0 0 0
 0 0 0 1 0 0 0 0 0 0 0 0 0 0 0 0 0 0 0 0 0 0 0 0 0 0 0 0 0 0 0 0 0 0 0 0 0
 0 0 0 0 0 0 1 0 0 0 0 0 0 0 0 0 0 0 0 0 0 0 0 0 0 0 0 0 0 0 0 0 0 0 0 0 0
 0 0 0 0 0 0 0 0 0 0 0 0 0 0 0 0 0 0 0 0 0 0 0 0 0 0 0 0 0 0 0 0 0 0 1 0 0
 0 0 0 0 1 0 0 0 0 0 0 0 0 0 0 0 0 0 0 0 0 0 0 0 0 0 0 0 0 0 1 0 0 0 0 0 0
 0 0 0 0 0 0 0 0 0 0 0 0 0 0 0 0 0 0 0 0 0 0 0 0 0 0 0 0 0 0 0 0 0 0 0 0 0
 0 0 0 0 0 0 0 0 0 0 0 0 1 0 0 0 1 0 0 0 0 0 0 0 0 0 0 0 0 0 0 0 0 0 0 0 0
 0 0 0 0 0 0 0 0 1 0 0 0 0 0 0 0 0 0 0 0 0 0 0 0 1 0 0 0 0 0 0 0 0 0 0 0 0
 0 0 0 0 0 0 0 0 0 0 1 0 0 0 0 0 0 0 0 1 0 0 0 0 0 0 0 0 0 0 0 0 0 0 0 0 0
 0 0 0 0 1 0 0 0 0 0 0 0 0 0 0 0 0 0 0 1 0 0 0 0 0 0 0 0 1 0 0 0 0 0 0 0 1
 0 0 0 0 0 0 0 1 0 0 0 0 0 0 0 0 0 0 0 0 0 0 0 0 0 0 0 0 0 0 0 0 0 0 0 0 0
 0 0 0 0 0 0 0 0 1 0 0 0 0 0 1 0 0 0 0 0 0 0 0 0 0 0 0 0 0 0 0 0 0 0 0 0 0
 0 0 0 0 0 0 0 0 0 0 0 0 0 0 0 0 0 0 0 0 0 0 0 0 0 0 0 0 0 1 0 0 0 0 0 0 0
 0 0 0 0 0 0 0 0 0 0 0 0 1 0 0 0 0 0 0 0 0 0 0 0 0 0 0 0 0 0 0 0 0 0 0 0 0
 0 0 1 0 0 0 0 0 0 0 0 0 0 0 0 0 0 0 0 0 0 0 0 0 0 0 0 0 0 0 0 0 0 0 0 0 0
 0 0 0 0 0 0 0 0 0 0 0 0 0 0 0 0 0 0 0 0 0 0 0 0 0 1 0 0 0 0 0 0 0 0 0 0 0
 0 0 0 0 0 0 0 0 0 0 0 0 0 0 0 0 0 0 0 0 0 0 0 0 0 0 0 0 0 0 0 0 0 0 0 0 0
 0 0 0 0 0 0 0 0 0 0 0 0 0 0 0 0 0 0 1 0 0 0 0 0 0 0 0 0 0 0 0 0 0 0 0 0 0
 0 0 1 0 0 0 0 0 0 0 0 0 0 0 0 0 0 0 0 0 0 0 0 0 0 0 0 0 1 0 1 0 0 0 0 0 0
 0 0 0 0 0 0 0 0 0 0 0 0 1 0 0 0 0 0 0 0 0 0 0 0 0 0 0 0 0 0 0 0 1 0 0 0 0
 0 0 0 0 0 0 0 0 0 0 0 0 0 0 0 0 0 0 0 0 0 0 0 0 0 0 0 0 0 0 0 0 0 0 0 0 0
 0 0 0 0 0 0 0 0 0 0 0 0 0 0 0 0 0 0 0 0 0 0 0 0 0 0 0 0 0 0 0 0 0 0 0 0 1
 0]"
dbscan,2,,,,,0.15165323707132852,10,0.5,cosine,3,0.8963409852717116,0.47103316959316716,6.0,correlation,0.9409874633290106,"[0 0 0 0 0 0 0 0 0 0 0 0 0 0 0 0 0 0 0 0 0 0 1 0 1 0 1 0 0 0 0 0 0 0 0 0 0
 0 0 0 0 0 0 0 0 0 0 0 0 0 0 1 0 0 0 0 0 0 0 0 0 0 0 0 0 0 0 0 0 0 0 0 0 0
 0 0 0 0 1 0 0 0 0 0 0 0 0 0 0 0 0 0 0 0 0 0 0 0 0 1 0 0 0 0 0 0 0 0 0 0 0
 0 0 0 0 0 0 0 0 0 0 0 0 1 0 0 0 0 0 0 0 0 0 0 0 0 0 0 0 0 0 0 0 0 0 0 0 0
 0 0 0 0 0 0 0 0 0 0 0 0 0 0 0 0 0 0 0 0 0 0 0 0 1 0 0 0 0 0 0 0 0 0 0 0 0
 0 0 0 0 0 0 0 0 1 0 0 0 0 0 0 0 0 0 1 0 0 0 0 0 0 0 0 0 0 0 0 0 1 0 0 0 0
 0 0 0 1 0 0 0 0 0 0 0 0 0 0 0 0 0 0 0 0 0 0 0 0 0 0 0 0 0 0 0 0 0 0 0 0 0
 0 0 0 0 0 0 1 0 0 0 0 0 0 0 0 0 0 0 0 0 0 0 0 0 0 0 0 0 0 0 0 0 0 0 0 0 0
 0 0 0 0 0 0 0 0 0 0 0 0 0 0 0 0 0 0 0 0 0 0 0 0 0 0 0 0 0 0 0 0 0 0 1 0 0
 0 0 0 0 1 0 0 0 0 0 0 0 0 0 0 0 0 0 0 0 0 0 0 0 0 0 0 0 0 0 1 0 0 0 0 0 0
 0 0 0 0 0 0 0 0 0 0 0 0 0 0 0 0 0 0 0 0 0 0 0 0 0 0 0 0 0 0 0 0 0 0 0 0 0
 0 0 0 0 0 0 0 0 0 0 0 0 1 0 0 0 1 0 0 0 0 0 0 0 0 0 0 0 0 0 0 0 0 0 0 0 0
 0 0 0 0 0 0 0 0 1 0 0 0 0 0 0 0 0 0 0 0 0 0 0 0 1 0 0 0 0 0 0 0 0 0 0 0 0
 0 0 0 0 0 0 0 0 0 0 1 0 0 0 0 0 0 0 0 1 0 0 0 0 0 0 0 0 0 0 0 0 0 0 0 0 0
 0 0 0 0 1 0 0 0 0 0 0 0 0 0 0 0 0 0 0 1 0 0 0 0 0 0 0 0 1 0 0 0 0 0 0 0 1
 0 0 0 0 0 0 0 1 0 0 0 0 0 0 0 0 0 0 0 0 0 0 0 0 0 0 0 0 0 0 0 0 0 0 0 0 0
 0 0 0 0 0 0 0 0 1 0 0 0 0 0 1 0 0 0 0 0 0 0 0 0 0 0 0 0 0 0 0 0 0 0 0 0 0
 0 0 0 0 0 0 0 0 0 0 0 0 0 0 0 0 0 0 0 0 0 0 0 0 0 0 0 0 0 1 0 0 0 0 0 0 0
 0 0 0 0 0 0 0 0 0 0 0 0 1 0 0 0 0 0 0 0 0 0 0 0 0 0 0 0 0 0 0 0 0 0 0 0 0
 0 0 1 0 0 0 0 0 0 0 0 0 0 0 0 0 0 0 0 0 0 0 0 0 0 0 0 0 0 0 0 0 0 0 0 0 0
 0 0 0 0 0 0 0 0 0 0 0 0 0 0 0 0 0 0 0 0 0 0 0 0 0 1 0 0 0 0 0 0 0 0 0 0 0
 0 0 0 0 0 0 0 0 0 0 0 0 0 0 0 0 0 0 0 0 0 0 0 0 0 0 0 0 0 0 0 0 0 0 0 0 0
 0 0 0 0 0 0 0 0 0 0 0 0 0 0 0 0 0 0 1 0 0 0 0 0 0 0 0 0 0 0 0 0 0 0 0 0 0
 0 0 1 0 0 0 0 0 0 0 0 0 0 0 0 0 0 0 0 0 0 0 0 0 0 0 0 0 1 0 1 0 0 0 0 0 0
 0 0 0 0 0 0 0 0 0 0 0 0 1 0 0 0 0 0 0 0 0 0 0 0 0 0 0 0 0 0 0 0 1 0 0 0 0
 0 0 0 0 0 0 0 0 0 0 0 0 0 0 0 0 0 0 0 0 0 0 0 0 0 0 0 0 0 0 0 0 0 0 0 0 0
 0 0 0 0 0 0 0 0 0 0 0 0 0 0 0 0 0 0 0 0 0 0 0 0 0 0 0 0 0 0 0 0 0 0 0 0 1
 0]"
dbscan,4,,,,,0.20838586467118186,25,0.5,correlation,3,0.8972030769230769,1.1087453051878062,6.0,minkowski,0.5190873471030905,"[0 1 1 1 1 2 1 1 0 1 0 0 1 1 1 1 0 1 0 0 1 0 3 1 3 1 3 1 1 0 1 1 0 1 0 1 0
 1 1 1 1 0 0 2 0 1 0 0 0 1 1 3 2 0 1 1 1 1 1 0 0 0 1 0 0 2 1 0 0 1 0 1 0 2
 2 1 0 2 3 1 2 1 1 1 0 1 1 0 2 0 2 1 1 1 1 0 2 0 1 3 1 1 0 1 1 2 1 0 1 1 0
 1 1 1 1 1 0 1 1 1 1 1 1 3 0 1 1 1 0 1 1 1 0 1 1 0 2 1 1 0 1 0 0 1 1 0 0 1
 1 1 1 0 2 0 2 0 2 0 2 1 1 0 2 1 2 0 2 1 0 1 1 0 3 0 1 0 0 2 0 2 2 1 0 1 0
 0 0 1 1 2 1 0 0 3 1 1 1 1 0 0 0 1 1 3 0 0 2 2 2 1 1 2 1 0 0 1 1 3 2 0 1 1
 0 0 0 3 2 0 0 1 0 1 0 1 1 0 0 1 2 1 1 1 1 0 1 1 0 1 1 1 0 1 1 1 1 1 0 1 1
 0 1 1 0 0 1 3 1 0 0 2 0 1 1 1 0 2 2 0 1 0 0 0 0 0 0 1 0 0 1 2 0 1 0 2 0 1
 2 1 0 0 1 1 1 0 1 1 0 0 0 1 2 1 1 0 2 0 0 1 1 0 1 1 0 1 1 1 0 1 1 0 3 1 1
 0 0 1 1 3 2 1 2 0 2 1 0 1 1 1 2 2 1 1 1 2 1 1 0 1 0 0 1 0 1 3 0 1 1 1 2 1
 0 0 1 1 0 1 0 0 1 1 0 0 2 2 0 1 1 0 1 2 0 1 0 1 0 0 0 1 1 1 0 1 0 2 0 1 2
 2 2 0 1 1 0 0 1 1 0 2 2 3 0 2 0 3 1 0 1 0 1 2 1 0 0 1 0 1 2 0 2 0 0 0 1 1
 2 1 1 2 0 0 1 1 3 2 1 0 1 1 1 1 1 1 2 2 1 1 1 1 3 1 0 2 0 0 0 1 0 0 2 1 1
 0 0 2 1 0 0 0 0 1 0 3 1 0 0 1 1 0 0 1 3 1 0 1 1 0 0 0 0 2 0 1 1 1 0 1 0 1
 1 1 1 0 3 2 0 0 2 2 1 0 1 1 1 1 0 0 2 3 1 1 1 0 0 0 0 0 3 1 2 0 0 1 0 1 3
 1 0 0 0 0 0 1 3 2 0 1 1 1 2 0 2 1 1 0 1 0 1 0 0 1 0 1 1 1 1 1 0 2 1 0 0 1
 1 1 1 1 2 0 2 2 3 0 1 0 1 1 3 1 0 0 2 0 1 0 2 1 1 0 1 1 1 0 0 0 1 1 0 1 2
 1 0 0 2 2 1 1 0 0 0 1 1 0 0 0 1 1 1 1 0 1 2 1 0 2 1 0 0 0 3 1 1 1 0 1 1 1
 0 1 0 0 1 0 2 0 2 1 1 1 3 1 0 2 0 2 1 0 0 1 1 1 2 0 0 1 0 1 1 0 2 0 2 0 1
 0 1 3 2 1 1 0 2 1 0 1 1 0 2 1 0 1 1 1 0 0 0 0 1 0 1 0 1 1 2 1 0 0 2 1 0 0
 0 0 0 0 0 1 0 0 0 0 1 1 1 2 1 0 1 2 1 0 0 1 0 2 2 3 1 0 1 1 1 1 1 1 2 2 1
 1 0 2 0 0 0 1 1 1 1 1 1 1 0 1 1 2 2 1 1 2 0 1 0 0 0 0 0 1 1 2 1 1 0 1 1 0
 0 1 0 1 0 1 0 1 1 0 1 0 0 1 0 2 1 1 3 1 0 1 1 2 0 0 2 2 0 0 1 2 1 0 2 0 0
 0 1 3 1 0 2 2 0 0 0 1 0 0 1 2 0 0 1 2 0 1 2 1 0 2 1 0 2 3 1 3 1 0 0 1 1 1
 2 1 2 0 0 0 1 0 1 0 2 1 3 0 0 1 1 2 1 1 0 0 1 1 1 1 2 1 2 0 0 0 3 1 1 2 0
 1 1 1 1 1 0 0 1 0 0 1 0 0 0 1 1 0 0 0 0 0 0 1 2 0 1 1 1 0 0 0 0 1 2 0 1 1
 2 1 2 0 0 1 1 1 1 2 2 1 1 1 1 1 1 1 1 1 1 1 0 0 0 0 2 2 0 1 0 1 0 1 1 2 3
 1]"
dbscan,4,,,,,0.08900616209015828,25,0.5,cosine,3,0.8959237422037422,0.8330081078651694,6.0,minkowski,0.8909846150716336,"[0 1 1 1 1 2 1 1 0 1 0 0 1 1 1 1 0 1 0 0 1 0 3 1 3 1 3 1 1 0 1 1 0 1 0 1 1
 1 1 1 1 1 0 2 1 1 0 0 1 1 1 3 2 1 1 1 1 1 1 0 0 0 1 0 1 2 1 1 0 1 1 1 0 2
 2 1 0 2 3 1 2 1 1 1 1 1 1 0 2 0 2 1 1 1 1 0 2 0 1 3 1 1 1 1 1 2 1 0 1 1 0
 1 1 1 1 1 0 1 1 1 1 1 1 3 1 1 1 1 1 1 1 1 1 1 1 1 2 1 1 0 1 0 0 1 1 0 0 1
 1 1 1 0 2 0 2 0 2 1 2 1 1 0 2 1 2 1 2 1 0 1 1 1 3 0 1 0 1 2 1 2 2 1 1 1 1
 0 0 1 1 2 1 1 1 3 1 1 1 1 0 1 0 1 1 3 0 0 2 2 2 1 1 2 1 0 0 1 1 3 2 1 1 1
 1 0 0 3 2 1 0 1 1 1 0 1 1 1 0 1 2 1 1 1 1 0 1 1 0 1 1 1 0 1 1 1 1 1 0 1 1
 0 1 1 0 0 1 3 1 0 0 2 0 1 1 1 0 2 2 0 1 0 0 1 0 0 0 1 1 0 1 2 0 1 0 2 0 1
 2 1 0 0 1 1 1 0 1 1 0 0 1 1 2 1 1 1 2 1 0 1 1 1 1 1 0 1 1 1 0 1 1 1 3 1 1
 0 0 1 1 3 2 1 2 0 2 1 0 1 1 1 2 2 1 1 1 2 1 1 0 1 0 0 1 0 1 3 1 1 1 1 2 1
 1 1 1 1 0 1 0 0 1 1 0 0 2 2 0 1 1 1 1 2 1 1 1 1 0 0 1 1 1 1 0 1 0 2 0 1 2
 2 2 1 1 1 0 1 1 1 1 2 2 3 0 2 1 3 1 1 1 1 1 2 1 1 1 1 0 1 2 0 2 0 1 0 1 1
 2 1 1 2 0 0 1 1 3 2 1 1 1 1 1 1 1 1 2 2 1 1 1 1 3 1 0 2 1 0 0 1 1 0 2 1 1
 0 1 2 1 1 0 0 0 1 1 3 1 1 1 1 1 0 0 1 3 1 0 1 1 1 0 0 0 2 0 1 1 1 0 1 0 1
 1 1 1 0 3 2 1 1 2 2 1 0 1 1 1 1 0 1 2 3 1 1 1 1 1 0 0 0 3 1 2 0 0 1 1 1 3
 1 0 0 0 1 0 1 3 2 1 1 1 1 2 0 2 1 1 1 1 0 1 0 1 1 0 1 1 1 1 1 0 2 1 0 1 1
 1 1 1 1 2 0 2 2 3 1 1 0 1 1 3 1 0 0 2 0 1 0 2 1 1 0 1 1 1 1 0 0 1 1 0 1 2
 1 1 1 2 2 1 1 0 0 0 1 1 0 0 0 1 1 1 1 1 1 2 1 0 2 1 0 1 0 3 1 1 1 0 1 1 1
 1 1 1 0 1 0 2 0 2 1 1 1 3 1 0 2 0 2 1 1 0 1 1 1 2 1 0 1 1 1 1 1 2 0 2 1 1
 0 1 3 2 1 1 0 2 1 0 1 1 1 2 1 0 1 1 1 1 0 0 1 1 0 1 0 1 1 2 1 1 1 2 1 0 0
 1 0 0 0 1 1 1 1 0 1 1 1 1 2 1 0 1 2 1 0 1 1 1 2 2 3 1 0 1 1 1 1 1 1 2 2 1
 1 0 2 0 0 0 1 1 1 1 1 1 1 0 1 1 2 2 1 1 2 2 1 0 0 0 1 0 1 1 2 1 1 0 1 1 0
 0 1 0 1 1 1 0 1 1 1 1 0 0 1 1 2 1 1 3 1 0 1 1 2 1 1 2 2 0 1 1 2 1 1 2 0 0
 1 1 3 1 0 2 2 1 0 0 1 0 1 1 2 0 0 1 2 1 1 2 1 1 2 1 1 2 3 1 3 1 1 0 1 1 1
 2 1 2 1 0 1 1 1 1 0 2 1 3 0 1 1 1 2 1 1 0 0 1 1 1 1 2 1 2 0 1 0 3 1 1 2 0
 1 1 1 1 1 0 0 1 1 0 1 0 0 0 1 1 0 0 0 1 0 0 1 2 1 1 1 1 0 0 0 0 1 2 0 1 1
 2 1 2 0 1 1 1 1 1 2 2 1 1 1 1 1 1 1 1 1 1 1 1 1 1 0 2 2 0 1 1 1 0 1 1 2 3
 1]"
dbscan,2,,,,,0.21984575088838126,50,0.5,correlation,3,0.8931802271498107,0.5164830940325217,6.0,cosine,0.9755627306733214,"[0 0 0 0 0 0 0 0 0 0 0 0 0 0 0 0 0 0 0 0 0 0 1 0 1 0 1 0 0 0 0 0 0 0 0 0 0
 0 0 0 0 0 0 0 0 0 0 0 0 0 0 1 0 0 0 0 0 0 0 0 0 0 0 0 0 0 0 0 0 0 0 0 0 0
 0 0 0 0 1 0 0 0 0 0 0 0 0 0 0 0 0 0 0 0 0 0 0 0 0 1 0 0 0 0 0 0 0 0 0 0 0
 0 0 0 0 0 0 0 0 0 0 0 0 1 0 0 0 0 0 0 0 0 0 0 0 0 0 0 0 0 0 0 0 0 0 0 0 0
 0 0 0 0 0 0 0 0 0 0 0 0 0 0 0 0 0 0 0 0 0 0 0 0 1 0 0 0 0 0 0 0 0 0 0 0 0
 0 0 0 0 0 0 0 0 1 0 0 0 0 0 0 0 0 0 1 0 0 0 0 0 0 0 0 0 0 0 0 0 1 0 0 0 0
 0 0 0 1 0 0 0 0 0 0 0 0 0 0 0 0 0 0 0 0 0 0 0 0 0 0 0 0 0 0 0 0 0 0 0 0 0
 0 0 0 0 0 0 1 0 0 0 0 0 0 0 0 0 0 0 0 0 0 0 0 0 0 0 0 0 0 0 0 0 0 0 0 0 0
 0 0 0 0 0 0 0 0 0 0 0 0 0 0 0 0 0 0 0 0 0 0 0 0 0 0 0 0 0 0 0 0 0 0 1 0 0
 0 0 0 0 1 0 0 0 0 0 0 0 0 0 0 0 0 0 0 0 0 0 0 0 0 0 0 0 0 0 1 0 0 0 0 0 0
 0 0 0 0 0 0 0 0 0 0 0 0 0 0 0 0 0 0 0 0 0 0 0 0 0 0 0 0 0 0 0 0 0 0 0 0 0
 0 0 0 0 0 0 0 0 0 0 0 0 1 0 0 0 1 0 0 0 0 0 0 0 0 0 0 0 0 0 0 0 0 0 0 0 0
 0 0 0 0 0 0 0 0 1 0 0 0 0 0 0 0 0 0 0 0 0 0 0 0 1 0 0 0 0 0 0 0 0 0 0 0 0
 0 0 0 0 0 0 0 0 0 0 1 0 0 0 0 0 0 0 0 1 0 0 0 0 0 0 0 0 0 0 0 0 0 0 0 0 0
 0 0 0 0 1 0 0 0 0 0 0 0 0 0 0 0 0 0 0 1 0 0 0 0 0 0 0 0 1 0 0 0 0 0 0 0 1
 0 0 0 0 0 0 0 1 0 0 0 0 0 0 0 0 0 0 0 0 0 0 0 0 0 0 0 0 0 0 0 0 0 0 0 0 0
 0 0 0 0 0 0 0 0 1 0 0 0 0 0 1 0 0 0 0 0 0 0 0 0 0 0 0 0 0 0 0 0 0 0 0 0 0
 0 0 0 0 0 0 0 0 0 0 0 0 0 0 0 0 0 0 0 0 0 0 0 0 0 0 0 0 0 1 0 0 0 0 0 0 0
 0 0 0 0 0 0 0 0 0 0 0 0 1 0 0 0 0 0 0 0 0 0 0 0 0 0 0 0 0 0 0 0 0 0 0 0 0
 0 0 1 0 0 0 0 0 0 0 0 0 0 0 0 0 0 0 0 0 0 0 0 0 0 0 0 0 0 0 0 0 0 0 0 0 0
 0 0 0 0 0 0 0 0 0 0 0 0 0 0 0 0 0 0 0 0 0 0 0 0 0 1 0 0 0 0 0 0 0 0 0 0 0
 0 0 0 0 0 0 0 0 0 0 0 0 0 0 0 0 0 0 0 0 0 0 0 0 0 0 0 0 0 0 0 0 0 0 0 0 0
 0 0 0 0 0 0 0 0 0 0 0 0 0 0 0 0 0 0 1 0 0 0 0 0 0 0 0 0 0 0 0 0 0 0 0 0 0
 0 0 1 0 0 0 0 0 0 0 0 0 0 0 0 0 0 0 0 0 0 0 0 0 0 0 0 0 1 0 1 0 0 0 0 0 0
 0 0 0 0 0 0 0 0 0 0 0 0 1 0 0 0 0 0 0 0 0 0 0 0 0 0 0 0 0 0 0 0 1 0 0 0 0
 0 0 0 0 0 0 0 0 0 0 0 0 0 0 0 0 0 0 0 0 0 0 0 0 0 0 0 0 0 0 0 0 0 0 0 0 0
 0 0 0 0 0 0 0 0 0 0 0 0 0 0 0 0 0 0 0 0 0 0 0 0 0 0 0 0 0 0 0 0 0 0 0 0 1
 0]"
dbscan,2,,,,,0.08165600081207564,50,0.5,cosine,3,0.8872684694429421,0.4306403614955303,6.0,correlation,0.9912915854404073,"[0 0 0 0 0 0 0 0 0 0 0 0 0 0 0 0 0 0 0 0 0 0 1 0 1 0 1 0 0 0 0 0 0 0 0 0 0
 0 0 0 0 0 0 0 0 0 0 0 0 0 0 1 0 0 0 0 0 0 0 0 0 0 0 0 0 0 0 0 0 0 0 0 0 0
 0 0 0 0 1 0 0 0 0 0 0 0 0 0 0 0 0 0 0 0 0 0 0 0 0 1 0 0 0 0 0 0 0 0 0 0 0
 0 0 0 0 0 0 0 0 0 0 0 0 1 0 0 0 0 0 0 0 0 0 0 0 0 0 0 0 0 0 0 0 0 0 0 0 0
 0 0 0 0 0 0 0 0 0 0 0 0 0 0 0 0 0 0 0 0 0 0 0 0 1 0 0 0 0 0 0 0 0 0 0 0 0
 0 0 0 0 0 0 0 0 1 0 0 0 0 0 0 0 0 0 1 0 0 0 0 0 0 0 0 0 0 0 0 0 1 0 0 0 0
 0 0 0 1 0 0 0 0 0 0 0 0 0 0 0 0 0 0 0 0 0 0 0 0 0 0 0 0 0 0 0 0 0 0 0 0 0
 0 0 0 0 0 0 1 0 0 0 0 0 0 0 0 0 0 0 0 0 0 0 0 0 0 0 0 0 0 0 0 0 0 0 0 0 0
 0 0 0 0 0 0 0 0 0 0 0 0 0 0 0 0 0 0 0 0 0 0 0 0 0 0 0 0 0 0 0 0 0 0 1 0 0
 0 0 0 0 1 0 0 0 0 0 0 0 0 0 0 0 0 0 0 0 0 0 0 0 0 0 0 0 0 0 1 0 0 0 0 0 0
 0 0 0 0 0 0 0 0 0 0 0 0 0 0 0 0 0 0 0 0 0 0 0 0 0 0 0 0 0 0 0 0 0 0 0 0 0
 0 0 0 0 0 0 0 0 0 0 0 0 1 0 0 0 1 0 0 0 0 0 0 0 0 0 0 0 0 0 0 0 0 0 0 0 0
 0 0 0 0 0 0 0 0 1 0 0 0 0 0 0 0 0 0 0 0 0 0 0 0 1 0 0 0 0 0 0 0 0 0 0 0 0
 0 0 0 0 0 0 0 0 0 0 1 0 0 0 0 0 0 0 0 1 0 0 0 0 0 0 0 0 0 0 0 0 0 0 0 0 0
 0 0 0 0 1 0 0 0 0 0 0 0 0 0 0 0 0 0 0 1 0 0 0 0 0 0 0 0 1 0 0 0 0 0 0 0 1
 0 0 0 0 0 0 0 1 0 0 0 0 0 0 0 0 0 0 0 0 0 0 0 0 0 0 0 0 0 0 0 0 0 0 0 0 0
 0 0 0 0 0 0 0 0 1 0 0 0 0 0 1 0 0 0 0 0 0 0 0 0 0 0 0 0 0 0 0 0 0 0 0 0 0
 0 0 0 0 0 0 0 0 0 0 0 0 0 0 0 0 0 0 0 0 0 0 0 0 0 0 0 0 0 1 0 0 0 0 0 0 0
 0 0 0 0 0 0 0 0 0 0 0 0 1 0 0 0 0 0 0 0 0 0 0 0 0 0 0 0 0 0 0 0 0 0 0 0 0
 0 0 1 0 0 0 0 0 0 0 0 0 0 0 0 0 0 0 0 0 0 0 0 0 0 0 0 0 0 0 0 0 0 0 0 0 0
 0 0 0 0 0 0 0 0 0 0 0 0 0 0 0 0 0 0 0 0 0 0 0 0 0 1 0 0 0 0 0 0 0 0 0 0 0
 0 0 0 0 0 0 0 0 0 0 0 0 0 0 0 0 0 0 0 0 0 0 0 0 0 0 0 0 0 0 0 0 0 0 0 0 0
 0 0 0 0 0 0 0 0 0 0 0 0 0 0 0 0 0 0 1 0 0 0 0 0 0 0 0 0 0 0 0 0 0 0 0 0 0
 0 0 1 0 0 0 0 0 0 0 0 0 0 0 0 0 0 0 0 0 0 0 0 0 0 0 0 0 1 0 1 0 0 0 0 0 0
 0 0 0 0 0 0 0 0 0 0 0 0 1 0 0 0 0 0 0 0 0 0 0 0 0 0 0 0 0 0 0 0 1 0 0 0 0
 0 0 0 0 0 0 0 0 0 0 0 0 0 0 0 0 0 0 0 0 0 0 0 0 0 0 0 0 0 0 0 0 0 0 0 0 0
 0 0 0 0 0 0 0 0 0 0 0 0 0 0 0 0 0 0 0 0 0 0 0 0 0 0 0 0 0 0 0 0 0 0 0 0 1
 0]"
dbscan,4,,,,,0.27107281741342376,100,0.5,correlation,3,0.8864262036492054,1.0236014491637766,6.0,chebyshev,0.6706342354294329,"[ 0  1  1  1  1  2  1  1  0  1  0  0  1  1  1  1  0  1  0  0  1  0  3  1
  3  1  3  1  1  0  1  1  0  1  0  1  0  1  1  1  1  0  0  2  0  1  0  0
  0  1  1  3  2  0  1  1  1  1  1  0  0  0  1  0  0  2  1  0  0  1  0  1
  0  2  2  1  0  2  3  1  2  1  1  1  0  1  1  0  2  0  2  1  1  1  1  0
  2  0  1  3  1  1  0  1  1  2  1  0  1  1  0  1  1  1  1  1  0  1  1  1
  1  1  1  3  0  1  1  1  0  1  1  1  0  1  1  0  2  1  1  0  1  0  0  1
  1  0  0  1  1  1  1  0  2  0  2  0  2  0  2  1  1  0  2  1  2  0  2  1
  0  1  1  0  3  0  1  0  0  2  0  2  2  1  0  1  0  0  0  1  1  2  1  0
  0  3  1  1  1  1  0  0  0  1  1  3  0  0  2  2  2  1  1  2  1  0  0  1
  1  3  2  0  1  1  0  0  0  3  2  0  0  1  0  1  0  1  1  0  0  1  2  1
  1  1  1  0  1  1  0  1  1  1  0  1  1  1  1  1  0  1  1  0  1  1  0  0
  1  3  1  0  0  2  0  1  1  1  0  2  2  0  1  0  0  0  0  0  0  1  0  0
  1  2  0  1  0  2  0  1  2  1  0  0  1  1  1  0  1  1  0  0  0  1  2  1
  1  0  2  0  0  1  1  0  1  1  0  1  1  1  0  1  1  0  3  1  1  0  0  1
  1  3  2  1  2  0  2  1  0  1  1  1  2  2  1  1  1  2  1  1  0  1  0  0
  1  0  1  3  0  1  1  1  2  1  0  0  1  1  0  1  0  0  1  1  0  0  2  2
  0  1  1  0  1  2  0  1  0  1  0  0  0  1  1  1  0  1  0  2  0  1  2  2
  2  0  1  1  0  0  1  1  0  2  2  3  0  2  0  3  1  0  1  0  1  2  1  0
  0  1  0  1  2  0  2  0  0  0  1  1  2  1  1  2  0  0  1  1  3  2  1  0
  1  1  1  1  1  1  2  2  1  1  1  1  3  1  0  2  0  0  0  1  0  0  2  1
  1  0  0  2  1  0  0  0  0  1  0  3  1  0  0  1  1  0  0  1  3  1  0  1
  1  0  0  0  0  2  0  1  1  1  0  1  0  1  1  1  1  0  3  2  0  0  2  2
  1  0  1  1  1  1  0  0  2  3  1  1  1  0  0  0  0  0  3  1  2  0  0  1
  0  1  3  1  0  0  0  0  0  1  3  2  0  1  1  1  2  0  2  1  1  0  1  0
  1  0  0  1  0  1  1  1  1  1  0  2  1  0  0  1  1  1  1  1  2  0  2  2
  3  0  1  0  1  1  3  1  0  0  2  0  1  0  2  1  1  0  1  1  1  0  0  0
  1  1  0  1  2  1  0  1  2  2  1  1  0  0  0  1  1  0  0  0  1  1  1  1
  0  1  2  1  0  2  1  0  0  0  3  1  1  1  0  1  1  1  0  1  0  0  1  0
  2  0  2  1  1  1  3  1  0  2  0  2  1  0  0  1  1  1  2  0  0  1  0  1
  1  0  2  0  2  0  1  0  1  3  2  1  1  0  2  1  0  1  1  0  2  1  0  1
  1  1  0  0  0  0  1  0  1  0  1  1  2  1  0  0  2  1  0  0  0  0  0  0
  0  1  0  0  0  0  1  1  1  2  1  0  1  2  1  0  0  1  0  2  2  3  1  0
  1  1  1  1  1  1  2  2  1  1  0  2  0  0  0  1  1  1  1  1  1  1  0  1
  1  2  2  1  1  2  0  1  0  0  0  0  0  1  1  2  1  1  0  1  1  0  0  1
  0  1  0  1  0  1  1  0  1  0  0  1 -1  2  1  1  3  1  0  1  1  2  0  0
  2  2  0  0  1  2  1  0  2  0  0  0  1  3  1  0  2  2  0  0  0  1  0  0
  1  2  0  0  1  2  0  1  2  1  0  2  1  1  2  3  1  3  1  0  0  1  1  1
  2  1  2  0  0  0  1  0  1  0  2  1  3  0  0  1  1  2  1  1  0  0  1  1
  1  1  2  1  2  0  0  0  3  1  1  2  0  1  1  1  1  1  0  0  1  0  0  1
  0  0  0  1  1  0  0  0  0  0  0  1  2  0  1  1  1  0  0  0  0  1  2  0
  1  1  2  1  2  0  0  1  1  1  1  2  2  1  1  1  1  1  1  1  1  1  1  1
  0  0  0  0  2  2  0  1 -1  1  0  1  1  2  3  1]"
dbscan,4,,,,,0.1007726035931025,100,0.5,cosine,3,0.8925670747498529,0.5674321144995516,6.0,chebyshev,0.9406127960216789,"[ 0  1  1  1  1  2  1  1  0  1  0  0  1  1  1  1  0  1  0  0  1  0  3  1
  3  1  3  1  1  0  1  1  0  1  0  1  0  1  1  1  1  0  0  2  0  1  0  0
  0  1  1  3  2  0  1  1  1  1  1  0  0  0  1  0  0  2  1  0  0  1  0  1
  0  2  2  1  0  2  3  1  2  1  1  1  0  1  1  0  2  0  2  1  1  1  1  0
  2  0  1  3  1  1  0  1  1  2  1  0  1  1  0  1  1  1  1  1  0  1  1  1
  1  1  1  3  0  1  1  1  0  1  1  1  0  1  1  0  2  1  1  0  1  0  0  1
  1  0  0  1  1  1  1  0  2  0  2  0  2  0  2  1  1  0  2  1  2  0  2  1
  0  1  1  0  3  0  1  0  0  2  0  2  2  1  0  1  0  0  0  1  1  2  1  0
  0  3  1  1  1  1  0  0  0  1  1  3  0  0  2  2  2  1  1  2  1  0  0  1
  1  3  2  0  1  1  0  0  0  3  2  0  0  1  0  1  0  1  1  0  0  1  2  1
  1  1  1  0  1  1  0  1  1  1  0  1  1  1  1  1  0  1  1  0  1  1  0  0
  1  3  1  0  0  2  0  1  1  1  0  2  2  0  1  0  0  0  0  0  0  1  0  0
  1  2  0  1  0  2  0  1  2  1  0  0  1  1  1  0  1  1  0  0  0  1  2  1
  1  0  2  0  0  1  1  0  1  1  0  1  1  1  0  1  1  0  3  1  1  0  0  1
  1  3  2  1  2  0  2  1  0  1  1  1  2  2  1  1  1  2  1  1  0  1  0  0
  1  0  1  3  0  1  1  1  2  1  0  0  1  1  0  1  0  0  1  1  0  0  2  2
  0  1  1  0  1  2  0  1  0  1  0  0  0  1  1  1  0  1  0  2  0  1  2  2
  2  0  1  1  0  0  1  1  0  2  2  3  0  2  0  3  1  0  1  0  1  2  1  0
  0  1  0  1  2  0  2  0  0  0  1  1  2  1  1  2  0  0  1  1  3  2  1  0
  1  1  1  1  1  1  2  2  1  1  1  1  3  1  0  2  0  0  0  1  0  0  2  1
  1  0  0  2  1  0  0  0  0  1  0  3  1  0  0  1  1  0  0  1  3  1  0  1
  1  0  0  0  0  2  0  1  1  1  0  1  0  1  1  1  1  0  3  2  0  0  2  2
  1  0  1  1  1  1  0  0  2  3  1  1  1  0  0  0  0  0  3  1  2  0  0  1
  0  1  3  1  0  0  0  0  0  1  3  2  0  1  1  1  2  0  2  1  1  0  1  0
  1  0  0  1  0  1  1  1  1  1  0  2  1  0  0  1  1  1  1  1  2  0  2  2
  3  0  1  0  1 -1  3  1  0  0  2  0  1  0  2  1  1  0  1  1  1  0  0  0
  1  1  0  1  2  1  0 -1  2  2  1  1  0  0  0  1  1  0  0  0  1  1  1  1
  0  1  2  1  0  2  1  0  0  0  3  1  1  1  0  1  1  1  0  1  0  0  1  0
  2  0  2  1  1  1  3  1  0  2  0  2  1  0  0  1  1  1  2  0  0  1  0  1
  1  0  2  0  2  0  1  0  1  3  2  1  1  0  2  1  0  1  1  0  2  1  0  1
  1  1  0  0  0  0  1  0  1  0  1  1  2  1  0  0  2  1  0  0  0  0  0  0
  0  1  0  0  0  0  1  1  1  2  1  0  1  2  1  0  0  1 -1  2  2  3  1  0
  1  1  1  1  1  1  2  2  1  1  0  2  0  0  0  1  1  1  1  1  1  1  0  1
  1  2  2  1  1  2  2  1  0  0  0  0  0  1  1  2  1  1  0  1  1  0  0  1
  0  1  0  1  0  1  1  0  1  0  0  1  0  2  1  1  3  1  0  1  1  2  0  0
  2  2  0  0  1  2  1  0  2  0  0  0  1  3  1  0  2  2  0  0  0  1  0  0
  1  2  0  0  1  2  0  1  2  1  0  2  1  0  2  3  1  3  1  0  0  1  1  1
  2  1  2  0  0  0  1  0  1  0  2  1  3  0  0  1  1  2  1  1  0  0  1  1
  1  1  2  1  2  0  0  0  3  1  1  2  0  1  1  1  1  1  0  0  1  0  0  1
  0  0  0  1  1  0  0  0  0  0  0  1  2  0  1  1  1  0  0  0  0  1  2  0
  1  1  2  1  2  0  0  1  1  1  1  2  2  1  1  1  1 -1  1  1  1  1  1  1
  0  0  0  0  2  2  0  1 -1 -1  0  1  1  2  3  1]"
dbscan,4,,,,,0.24050267856702753,200,0.5,correlation,3,0.8529634381701215,0.669173311435056,6.0,chebyshev,0.5059801217771319,"[ 0  1  1  1  1  2  1  1  0  1  0  0  1  1  1  1  0  1  0  0  1  0  3  1
  3  1  3  1  1  0  1  1  0  1  0  1  0  1  1  1  1  0  0  2  0  1  0  0
  0  1  1  3  2  0  1  1  1  1  1  0  0  0  1  0  0  2  1  0  0  1  0  1
  0  2  2  1  0  2  3  1  2  1  1  1  0  1  1  0  2  0  2  1  1  1  1  0
  2  0  1  3  1  1  0  1  1  2  1  0  1  1  0  1  1  1  1  1  0  1  1  1
  1  1  1  3  0  1  1  1  0  1  1  1  0  1  1  0  2  1  1  0  1  0  0  1
  1  0  0  1  1  1  1  0  2  0  2  0  2  0  2  1  1  0  2  1  2  0  2  1
  0  1  1  0  3  0  1  0  0  2  0  2  2  1  0  1  0  0  0  1  1  2  1  0
  0  3  1  1  1  1  0  0  0  1  1  3  0  0  2  2  2  1  1  2  1  0  0  1
  1  3  2  0  1  1  0  0  0  3  2  0  0  1  0  1  0  1  1  0  0  1  2  1
  1  1  1  0  1  1  0  1  1  1  0  1  1  1  1  1  0  1  1  0  1  1  0  0
  1  3  1  0  0  2  0  1  1  1  0  2  2  0  1  0  0  0  0  0  0  1  0  0
  1  2  0  1  0  2  0  1  2  1  0  0  1  1  1  0  1  1  0  0  0  1  2  1
  1  0  2  0  0  1  1  0  1  1  0  1  1  1  0  1  1  0  3  1  1  0  0  1
  1  3  2  1  2  0  2  1  0  1  1  1  2  2  1  1  1  2  1  1  0  1  0  0
  1  0  1  3  0  1  1  1  2  1  0  0  1  1  0  1  0  0  1  1  0  0  2  2
  0  1  1  0  1  2  0  1  0  1  0  0  0  1  1  1  0  1  0  2  0  1  2  2
  2  0  1  1  0  0  1  1  0  2  2  3  0  2  0  3  1  0  1  0  1  2  1  0
  0  1  0  1  2  0  2  0  0  0  1  1  2  1  1  2  0  0  1  1  3  2  1  0
  1  1  1  1  1  1  2  2  1  1  1  1  3  1  0  2  0  0  0  1  0  0  2  1
  1  0  0  2  1  0  0  0  0  1  0  3  1  0  0  1  1  0  0  1  3  1  0  1
  1  0  0  0  0  2  0  1  1  1  0  1  0  1  1  1  1  0  3  2  0  0  2  2
  1  0  1  1  1  1  0  0  2  3  1  1  1  0  0  0  0  0  3  1  2  0  0  1
  0  1  3  1  0  0  0  0  0  1  3  2  0  1  1  1  2  0  2  1  1  0  1  0
  1  0  0  1  0  1  1  1  1  1  0  2  1  0  0  1  1  1  1  1  2  0  2  2
  3  0  1  0  1  1  3  1  0  0  2  0  1  0  2  1  1  0  1  1  1  0  0  0
  1  1  0  1  2  1  0  1  2  2  1  1  0  0  0  1  1  0  0  0  1  1  1  1
  0  1  2  1  0  2  1  0  0  0  3  1  1  1  0  1  1  1  0  1  0  0  1  0
  2  0  2  1  1  1  3  1  0  2  0  2  1  0  0  1  1  1  2  0  0  1  0  1
  1 -1  2  0  2  0  1  0  1  3  2  1  1  0  2  1  0  1  1  0  2  1  0  1
  1  1  0  0  0  0  1  0  1  0  1  1  2  1  0  0  2  1  0  0  0  0  0  0
  0  1  0  0  0  0  1  1  1  2  1  0  1  2  1  0  0  1  1  2  2  3  1  0
  1  1  1  1  1  1  2  2  1  1  0  2  0  0  0  1  1  1  1  1  1  1  0  1
  1  2  2  1  1  2  0  1  0  0  0  0  0  1  1  2  1  1  0  1  1  0  0  1
  0  1  0  1  0  1  1  0  1  0  0  1 -1  2  1  1  3  1  0  1  1  2  0  0
  2  2  0  0  1  2  1  0  2  0  0  0  1  3  1 -1  2  2  0  0  0  1  0  0
  1  2  0  0  1  2  0  1  2  1  0  2  1  1  2  3  1  3  1  0  0  1  1  1
  2  1  2  0  0  0  1  0  1  0  2  1  3  0  0  1  1  2  1  1  0  0  1  1
  1  1  2  1  2  0  0  0  3  1  1  2  0  1  1  1  1  1  0  0  1  0  0  1
  0  0  0  1  1  0  0  0  0  0  0  1  2  0  1  1  1  0  0  0  1  1  2  0
  1  1  2  1  2  0  0  1  1  1  1  2  2  1  1  1  1  1  1  1  1  1  1  1
  0  0  0  0  2  2  0  1  1  1  0  1  1  2  3  1]"
dbscan,4,,,,,0.07461919796309933,200,0.5,cosine,3,0.8967382416011437,1.0640748582529773,6.0,manhattan,0.965617566588981,"[ 0  1  1  1  1  2  1  1  0  1  0  0  1  1  1  1  0  1  0  0  1  0  3  1
  3  1  3  1  1  0  1  1  0  1  0  1  0  1  1  1  1  0  0  2  0  1  0  0
  0  1  1  3  2  0  1  1  1  1  1  0  0  0  1  0  0  2  1  0  0  1  0  1
  0  2  2  1  0  2  3  1  2  1  1  1  0  1  1  0  2  0  2  1  1  1  1  0
  2  0  1  3  1  1  0  1  1  2  1  0  1  1  0  1  1  1  1  1  0  1  1  1
  1  1  1  3  0  1  1  1  0  1  1  1  0  1  1  0  2  1  1  0  1  0  0  1
  1  0  0  1  1  1  1  0  2  0  2  0  2  0  2  1  1  0  2  1  2  0  2  1
  0  1  1  0  3  0  1  0  0  2  0  2  2  1  0  1  0  0  0  1  1  2  1  0
  0  3  1  1  1  1  0  0  0  1  1  3  0  0  2  2  2  1  1  2  1  0  0  1
  1  3  2  0  1  1  0  0  0  3  2  0  0  1  0  1  0  1  1  0  0  1  2  1
  1  1  1  0  1  1  0  1  1  1  0  1  1  1  1  1  0  1  1  0  1  1  0  0
  1  3  1  0  0  2  0  1  1  1  0  2  2  0  1  0  0  0  0  0  0  1  0  0
  1  2  0  1  0  2  0  1  2  1  0  0  1  1  1  0  1  1  0  0  0  1  2  1
  1  0  2  0  0  1  1  0  1  1  0  1  1  1  0  1  1  0  3  1  1  0  0  1
  1  3  2  1  2  0  2  1  0  1  1  1  2  2  1  1  1  2  1  1  0  1  0  0
  1  0  1  3  0  1  1  1  2  1  0  0  1  1  0  1  0  0  1  1  0  0  2  2
  0  1  1  0  1  2  0  1  0  1  0  0  0  1  1  1  0  1  0  2  0  1  2  2
  2  0  1  1  0  0  1  1  0  2  2  3  0  2  0  3  1  0  1  0  1  2  1  0
  0  1  0  1  2  0  2  0  0  0  1  1  2  1  1  2  0  0  1  1  3  2  1  0
  1  1  1  1  1  1  2  2  1  1  1  1  3  1  0  2  0  0  0  1  0  0  2  1
  1  0  0  2  1  0  0  0  0  1  0  3  1  0  0  1  1  0  0  1  3  1  0  1
  1  0  0  0  0  2  0  1  1  1  0  1  0  1  1  1  1  0  3  2  0  0  2  2
  1  0  1  1  1  1  0  0  2  3  1  1  1  0  0  0  0  0  3  1  2  0  0  1
  0  1  3  1  0  0  0  0  0  1  3  2  0  1  1  1  2  0  2  1  1  0  1  0
  1  0  0  1  0  1  1  1  1  1  0  2  1  0  0  1  1  1  1  1  2  0  2  2
  3  0  1  0  1  1  3  1  0  0  2  0  1  0  2  1  1  0  1  1  1  0  0  0
  1  1  0  1  2  1  0  1  2  2  1  1  0  0  0  1  1  0  0  0  1  1  1  1
  0  1  2  1  0  2  1  0  0  0  3  1  1  1  0  1  1  1  0  1  0  0  1  0
  2  0  2  1  1  1  3  1  0  2  0  2  1  0  0  1  1  1  2  0  0  1  0  1
  1  0  2  0  2  0  1  0  1  3  2  1  1  0  2  1  0  1  1  0  2  1  0  1
  1  1  0  0  0  0  1  0  1  0  1  1  2  1  0  0  2  1  0  0  0  0  0  0
  0  1  0  0  0  0  1  1  1  2  1  0  1  2  1  0  0  1 -1  2  2  3  1  0
  1  1  1  1  1  1  2  2  1  1  0  2  0  0  0  1  1  1  1  1  1  1  0  1
  1  2  2  1  1  2  2  1  0  0  0  0  0  1  1  2  1  1  0  1  1  0  0  1
  0  1  0  1  0  1  1  0  1  0  0  1  0  2  1  1  3  1  0  1  1  2  0  0
  2  2  0  0  1  2  1  0  2  0  0  0  1  3  1  0  2  2  0  0  0  1  0  0
  1  2  0  0  1  2  0  1  2  1  0  2  1  0  2  3  1  3  1  0  0  1  1  1
  2  1  2  0  0  0  1  0  1  0  2  1  3  0  0  1  1  2  1  1  0  0  1  1
  1  1  2  1  2  0  0  0  3  1  1  2  0  1  1  1  1  1  0  0  1  0  0  1
  0  0  0  1  1  0  0  0  0  0  0  1  2  0  1  1  1  0  0  0 -1  1  2  0
  1  1  2  1  2  0  0  1  1  1  1  2  2  1  1  1  1  1  1  1  1  1  1  1
  0  0  0  0  2  2  0  1 -1  1  0  1  1  2  3  1]"
dbscan,4,,,,,0.03601888520958996,10,0.0,correlation,4,0.9040136109700355,0.2804777853420466,5.0,correlation,0.9398159044040085,"[0 1 1 1 1 2 1 1 0 1 0 0 1 1 1 1 0 1 0 0 1 0 3 1 3 1 3 1 1 0 1 1 0 1 0 1 0
 1 1 1 1 0 0 2 0 1 0 0 0 1 1 3 2 0 1 1 1 1 1 0 0 0 1 0 0 2 1 0 0 1 0 1 0 2
 2 1 0 2 3 1 2 1 1 1 0 1 1 0 2 0 2 1 1 1 1 0 2 0 1 3 1 1 0 1 1 2 1 0 1 1 0
 1 1 1 1 1 0 1 1 1 1 1 1 3 0 1 1 1 0 1 1 1 0 1 1 0 2 1 1 0 1 0 0 1 1 0 0 1
 1 1 1 0 2 0 2 0 2 0 2 1 1 0 2 1 2 0 2 1 0 1 1 0 3 0 1 0 0 2 0 2 2 1 0 1 0
 0 0 1 1 2 1 0 0 3 1 1 1 1 0 0 0 1 1 3 0 0 2 2 2 1 1 2 1 0 0 1 1 3 2 0 1 1
 0 0 0 3 2 0 0 1 0 1 0 1 1 0 0 1 2 1 1 1 1 0 1 1 0 1 1 1 0 1 1 1 1 1 0 1 1
 0 1 1 0 0 1 3 1 0 0 2 0 1 1 1 0 2 2 0 1 0 0 0 0 0 0 1 0 0 1 2 0 1 0 2 0 1
 2 1 0 0 1 1 1 0 1 1 0 0 0 1 2 1 1 0 2 0 0 1 1 0 1 1 0 1 1 1 0 1 1 0 3 1 1
 0 0 1 1 3 2 1 2 0 2 1 0 1 1 1 2 2 1 1 1 2 1 1 0 1 0 0 1 0 1 3 0 1 1 1 2 1
 0 0 1 1 0 1 0 0 1 1 0 0 2 2 0 1 1 0 1 2 0 1 0 1 0 0 0 1 1 1 0 1 0 2 0 1 2
 2 2 0 1 1 0 0 1 1 0 2 2 3 0 2 0 3 1 0 1 0 1 2 1 0 0 1 0 1 2 0 2 0 0 0 1 1
 2 1 1 2 0 0 1 1 3 2 1 0 1 1 1 1 1 1 2 2 1 1 1 1 3 1 0 2 0 0 0 1 0 0 2 1 1
 0 0 2 1 0 0 0 0 1 0 3 1 0 0 1 1 0 0 1 3 1 0 1 1 0 0 0 0 2 0 1 1 1 0 1 0 1
 1 1 1 0 3 2 0 0 2 2 1 0 1 1 1 1 0 0 2 3 1 1 1 0 0 0 0 0 3 1 2 0 0 1 0 1 3
 1 0 0 0 0 0 1 3 2 0 1 1 1 2 0 2 1 1 0 1 0 1 0 0 1 0 1 1 1 1 1 0 2 1 0 0 1
 1 1 1 1 2 0 2 2 3 0 1 0 1 1 3 1 0 0 2 0 1 0 2 1 1 0 1 1 1 0 0 0 1 1 0 1 2
 1 0 0 2 2 1 1 0 0 0 1 1 0 0 0 1 1 1 1 0 1 2 1 0 2 1 0 0 0 3 1 1 1 0 1 1 1
 0 1 0 0 1 0 2 0 2 1 1 1 3 1 0 2 0 2 1 0 0 1 1 1 2 0 0 1 0 1 1 0 2 0 2 0 1
 0 1 3 2 1 1 0 2 1 0 1 1 0 2 1 0 1 1 1 0 0 0 0 1 0 1 0 1 1 2 1 0 0 2 1 0 0
 0 0 0 0 0 1 0 0 0 0 1 1 1 2 1 0 1 2 1 0 0 1 0 2 2 3 1 0 1 1 1 1 1 1 2 2 1
 1 0 2 0 0 0 1 1 1 1 1 1 1 0 1 1 2 2 1 1 2 2 1 0 0 0 0 0 1 1 2 1 1 0 1 1 0
 0 1 0 1 0 1 0 1 1 0 1 0 0 1 0 2 1 1 3 1 0 1 1 2 0 0 2 2 0 0 1 2 1 0 2 0 0
 0 1 3 1 0 2 2 0 0 0 1 0 0 1 2 0 0 1 2 0 1 2 1 0 2 1 0 2 3 1 3 1 0 0 1 1 1
 2 1 2 0 0 0 1 0 1 0 2 1 3 0 0 1 1 2 1 1 0 0 1 1 1 1 2 1 2 0 0 0 3 1 1 2 0
 1 1 1 1 1 0 0 1 0 0 1 0 0 0 1 1 0 0 0 0 0 0 1 2 0 1 1 1 0 0 0 0 1 2 0 1 1
 2 1 2 0 0 1 1 1 1 2 2 1 1 1 1 1 1 1 1 1 1 1 0 0 0 0 2 2 0 1 0 1 0 1 1 2 3
 1]"
dbscan,7,,,,,0.02935706123115888,10,0.0,cosine,4,0.8974935500253935,0.418497120151408,6.0,minkowski,0.9034472868267,"[0 1 1 1 1 2 1 1 0 1 3 0 1 1 1 1 0 1 3 0 1 3 4 1 4 1 4 1 1 0 1 1 0 1 3 1 5
 1 1 1 1 5 0 2 5 1 0 0 5 1 1 4 6 5 1 1 1 1 1 3 0 3 1 0 5 2 1 5 0 1 5 1 0 2
 2 1 0 6 4 1 6 1 1 1 5 1 1 0 6 0 2 1 1 1 1 3 6 0 1 4 1 1 5 1 1 6 1 3 1 1 3
 1 1 1 1 1 0 1 1 1 1 1 1 4 5 1 1 1 5 1 1 1 5 1 1 5 2 1 1 0 1 0 0 1 1 0 0 1
 1 1 1 0 6 0 2 3 2 1 6 1 1 0 2 1 2 5 6 1 3 1 1 5 4 0 1 3 5 6 5 2 6 1 5 1 5
 0 3 1 1 6 1 5 5 4 1 1 1 1 3 5 3 1 1 4 3 0 2 2 2 1 1 2 1 0 3 1 1 4 2 5 1 1
 5 3 0 4 6 5 0 1 5 1 3 1 1 5 0 1 6 1 1 1 1 0 1 1 0 1 1 1 0 1 1 1 1 1 0 1 1
 0 1 1 3 3 1 4 1 3 0 6 0 1 1 1 0 6 6 0 1 0 0 5 0 0 3 1 5 0 1 2 0 1 0 6 0 1
 2 1 3 0 1 1 1 3 1 1 0 3 5 1 2 1 1 5 2 5 3 1 1 5 1 1 0 1 1 1 0 1 1 5 4 1 1
 0 3 1 1 4 2 1 6 0 6 1 0 1 1 1 6 2 1 1 1 2 1 1 3 1 0 0 1 0 1 4 5 1 1 1 6 1
 5 5 1 1 0 1 3 0 1 1 0 3 6 6 3 1 1 5 1 2 5 1 5 1 3 3 5 1 1 1 0 1 0 2 3 1 6
 2 6 5 1 1 0 5 1 1 5 6 2 4 0 2 5 4 1 5 1 5 1 6 1 5 5 1 3 1 6 0 6 0 5 0 1 1
 2 1 1 6 0 0 1 1 4 6 1 5 1 1 1 1 1 1 6 2 1 1 1 1 4 1 0 2 5 0 3 1 5 0 6 1 1
 0 5 2 1 5 3 0 3 1 5 4 1 5 5 1 1 0 0 1 4 1 0 1 1 5 0 0 0 2 0 1 1 1 0 1 0 1
 1 1 1 3 4 2 1 5 2 6 1 0 1 1 1 1 0 1 2 4 1 1 1 5 5 0 3 0 4 1 6 0 0 1 5 1 4
 1 3 0 3 5 3 1 4 6 5 1 1 1 6 0 6 1 1 5 1 0 1 0 5 1 3 1 1 1 1 1 0 6 1 3 5 1
 1 1 1 1 2 3 2 6 4 5 1 0 1 1 4 1 0 5 2 3 1 3 6 1 1 3 1 1 1 1 3 0 1 1 0 1 6
 1 5 1 6 6 1 1 0 3 3 1 1 0 0 0 1 1 1 1 5 1 6 1 3 2 1 0 5 3 4 1 1 1 0 1 1 1
 5 1 5 0 1 0 6 0 6 1 1 1 4 1 0 2 3 6 1 5 0 1 1 1 2 5 0 1 5 1 1 5 2 3 6 5 1
 0 1 4 6 1 1 0 2 1 0 1 1 5 2 1 3 1 1 1 5 0 3 5 1 3 1 0 1 1 6 1 5 5 6 1 3 3
 5 0 0 3 5 1 5 5 0 5 1 1 1 2 1 0 1 6 1 3 5 1 3 2 2 4 1 3 1 1 1 1 1 1 6 2 1
 1 3 6 3 3 3 1 1 1 1 1 1 1 0 1 1 6 6 1 1 2 6 1 3 3 3 5 0 1 1 2 1 1 0 1 1 0
 0 1 0 1 5 1 0 1 1 5 1 3 0 1 5 6 1 1 4 1 3 1 1 2 5 5 2 6 0 5 1 2 1 5 2 0 0
 5 1 4 1 0 6 2 5 0 0 1 0 5 1 6 3 0 1 6 5 1 2 1 5 2 1 5 6 4 1 4 1 5 3 1 1 1
 2 1 2 5 3 5 1 5 1 3 6 1 4 3 5 1 1 2 1 1 0 3 1 1 1 1 2 1 6 3 5 0 4 1 1 6 0
 1 1 1 1 1 3 0 1 5 0 1 0 0 0 1 1 0 0 0 5 3 3 1 2 5 1 1 1 0 0 0 3 1 6 0 1 1
 6 1 2 0 5 1 1 1 1 2 6 1 1 1 1 1 1 1 1 1 1 1 5 5 5 3 6 2 0 1 1 1 0 1 1 6 4
 1]"
dbscan,4,,,,,0.04312188503188935,25,0.0,correlation,4,0.8972153014553015,0.23347082286483994,5.0,correlation,0.9980031235274733,"[0 1 1 1 1 2 1 1 0 1 0 0 1 1 1 1 0 1 0 0 1 0 3 1 3 1 3 1 1 0 1 1 0 1 0 1 0
 1 1 1 1 0 0 2 0 1 0 0 0 1 1 3 2 0 1 1 1 1 1 0 0 0 1 0 0 2 1 0 0 1 0 1 0 2
 2 1 0 2 3 1 2 1 1 1 0 1 1 0 2 0 2 1 1 1 1 0 2 0 1 3 1 1 0 1 1 2 1 0 1 1 0
 1 1 1 1 1 0 1 1 1 1 1 1 3 0 1 1 1 0 1 1 1 0 1 1 0 2 1 1 0 1 0 0 1 1 0 0 1
 1 1 1 0 2 0 2 0 2 0 2 1 1 0 2 1 2 0 2 1 0 1 1 0 3 0 1 0 0 2 0 2 2 1 0 1 0
 0 0 1 1 2 1 0 0 3 1 1 1 1 0 0 0 1 1 3 0 0 2 2 2 1 1 2 1 0 0 1 1 3 2 0 1 1
 0 0 0 3 2 0 0 1 0 1 0 1 1 0 0 1 2 1 1 1 1 0 1 1 0 1 1 1 0 1 1 1 1 1 0 1 1
 0 1 1 0 0 1 3 1 0 0 2 0 1 1 1 0 2 2 0 1 0 0 0 0 0 0 1 0 0 1 2 0 1 0 2 0 1
 2 1 0 0 1 1 1 0 1 1 0 0 0 1 2 1 1 0 2 0 0 1 1 0 1 1 0 1 1 1 0 1 1 0 3 1 1
 0 0 1 1 3 2 1 2 0 2 1 0 1 1 1 2 2 1 1 1 2 1 1 0 1 0 0 1 0 1 3 0 1 1 1 2 1
 0 0 1 1 0 1 0 0 1 1 0 0 2 2 0 1 1 0 1 2 0 1 0 1 0 0 0 1 1 1 0 1 0 2 0 1 2
 2 2 0 1 1 0 0 1 1 0 2 2 3 0 2 0 3 1 0 1 0 1 2 1 0 0 1 0 1 2 0 2 0 0 0 1 1
 2 1 1 2 0 0 1 1 3 2 1 0 1 1 1 1 1 1 2 2 1 1 1 1 3 1 0 2 0 0 0 1 0 0 2 1 1
 0 0 2 1 0 0 0 0 1 0 3 1 0 0 1 1 0 0 1 3 1 0 1 1 0 0 0 0 2 0 1 1 1 0 1 0 1
 1 1 1 0 3 2 0 0 2 2 1 0 1 1 1 1 0 0 2 3 1 1 1 0 0 0 0 0 3 1 2 0 0 1 0 1 3
 1 0 0 0 0 0 1 3 2 0 1 1 1 2 0 2 1 1 0 1 0 1 0 0 1 0 1 1 1 1 1 0 2 1 0 0 1
 1 1 1 1 2 0 2 2 3 0 1 0 1 1 3 1 0 0 2 0 1 0 2 1 1 0 1 1 1 0 0 0 1 1 0 1 2
 1 0 0 2 2 1 1 0 0 0 1 1 0 0 0 1 1 1 1 0 1 2 1 0 2 1 0 0 0 3 1 1 1 0 1 1 1
 0 1 0 0 1 0 2 0 2 1 1 1 3 1 0 2 0 2 1 0 0 1 1 1 2 0 0 1 0 1 1 0 2 0 2 0 1
 0 1 3 2 1 1 0 2 1 0 1 1 0 2 1 0 1 1 1 0 0 0 0 1 0 1 0 1 1 2 1 0 0 2 1 0 0
 0 0 0 0 0 1 0 0 0 0 1 1 1 2 1 0 1 2 1 0 0 1 0 2 2 3 1 0 1 1 1 1 1 1 2 2 1
 1 0 2 0 0 0 1 1 1 1 1 1 1 0 1 1 2 2 1 1 2 0 1 0 0 0 0 0 1 1 2 1 1 0 1 1 0
 0 1 0 1 0 1 0 1 1 0 1 0 0 1 0 2 1 1 3 1 0 1 1 2 0 0 2 2 0 0 1 2 1 0 2 0 0
 0 1 3 1 0 2 2 0 0 0 1 0 0 1 2 0 0 1 2 0 1 2 1 0 2 1 0 2 3 1 3 1 0 0 1 1 1
 2 1 2 0 0 0 1 0 1 0 2 1 3 0 0 1 1 2 1 1 0 0 1 1 1 1 2 1 2 0 0 0 3 1 1 2 0
 1 1 1 1 1 0 0 1 0 0 1 0 0 0 1 1 0 0 0 0 0 0 1 2 0 1 1 1 0 0 0 0 1 2 0 1 1
 2 1 2 0 0 1 1 1 1 2 2 1 1 1 1 1 1 1 1 1 1 1 0 0 0 0 2 2 0 1 0 1 0 1 1 2 3
 1]"
dbscan,4,,,,,0.026404029868453322,25,0.0,cosine,4,0.9018702702702702,0.2397513888249225,6.0,cosine,0.9380652718050279,"[0 1 1 1 1 2 1 1 0 1 0 0 1 1 1 1 0 1 0 0 1 0 3 1 3 1 3 1 1 0 1 1 0 1 0 1 1
 1 1 1 1 1 0 2 1 1 0 0 1 1 1 3 2 1 1 1 1 1 1 0 0 0 1 0 1 2 1 1 0 1 1 1 0 2
 2 1 0 2 3 1 2 1 1 1 1 1 1 0 2 0 2 1 1 1 1 0 2 0 1 3 1 1 1 1 1 2 1 0 1 1 0
 1 1 1 1 1 0 1 1 1 1 1 1 3 1 1 1 1 1 1 1 1 1 1 1 1 2 1 1 0 1 0 0 1 1 0 0 1
 1 1 1 0 2 0 2 0 2 1 2 1 1 0 2 1 2 1 2 1 0 1 1 1 3 0 1 0 1 2 1 2 2 1 1 1 1
 0 0 1 1 2 1 1 1 3 1 1 1 1 0 1 0 1 1 3 0 0 2 2 2 1 1 2 1 0 0 1 1 3 2 1 1 1
 1 0 0 3 2 1 0 1 1 1 0 1 1 1 0 1 2 1 1 1 1 0 1 1 0 1 1 1 0 1 1 1 1 1 0 1 1
 0 1 1 0 0 1 3 1 0 0 2 0 1 1 1 0 2 2 0 1 0 0 1 0 0 0 1 1 0 1 2 0 1 0 2 0 1
 2 1 0 0 1 1 1 0 1 1 0 0 1 1 2 1 1 1 2 1 0 1 1 1 1 1 0 1 1 1 0 1 1 1 3 1 1
 0 0 1 1 3 2 1 2 0 2 1 0 1 1 1 2 2 1 1 1 2 1 1 0 1 0 0 1 0 1 3 1 1 1 1 2 1
 1 1 1 1 0 1 0 0 1 1 0 0 2 2 0 1 1 1 1 2 1 1 1 1 0 0 1 1 1 1 0 1 0 2 0 1 2
 2 2 1 1 1 0 1 1 1 1 2 2 3 0 2 1 3 1 1 1 1 1 2 1 1 1 1 0 1 2 0 2 0 1 0 1 1
 2 1 1 2 0 0 1 1 3 2 1 1 1 1 1 1 1 1 2 2 1 1 1 1 3 1 0 2 1 0 0 1 1 0 2 1 1
 0 1 2 1 1 0 0 0 1 1 3 1 1 1 1 1 0 0 1 3 1 0 1 1 1 0 0 0 2 0 1 1 1 0 1 0 1
 1 1 1 0 3 2 1 1 2 2 1 0 1 1 1 1 0 1 2 3 1 1 1 1 1 0 0 0 3 1 2 0 0 1 1 1 3
 1 0 0 0 1 0 1 3 2 1 1 1 1 2 0 2 1 1 1 1 0 1 0 1 1 0 1 1 1 1 1 0 2 1 0 1 1
 1 1 1 1 2 0 2 2 3 1 1 0 1 1 3 1 0 0 2 0 1 0 2 1 1 0 1 1 1 1 0 0 1 1 0 1 2
 1 1 1 2 2 1 1 0 0 0 1 1 0 0 0 1 1 1 1 1 1 2 1 0 2 1 0 1 0 3 1 1 1 0 1 1 1
 1 1 1 0 1 0 2 0 2 1 1 1 3 1 0 2 0 2 1 1 0 1 1 1 2 1 0 1 1 1 1 1 2 0 2 1 1
 0 1 3 2 1 1 0 2 1 0 1 1 1 2 1 0 1 1 1 1 0 0 1 1 0 1 0 1 1 2 1 1 1 2 1 0 0
 1 0 0 0 1 1 1 1 0 1 1 1 1 2 1 0 1 2 1 0 1 1 1 2 2 3 1 0 1 1 1 1 1 1 2 2 1
 1 0 2 0 0 0 1 1 1 1 1 1 1 0 1 1 2 2 1 1 2 2 1 0 0 0 1 0 1 1 2 1 1 0 1 1 0
 0 1 0 1 1 1 0 1 1 1 1 0 0 1 1 2 1 1 3 1 0 1 1 2 1 1 2 2 0 1 1 2 1 1 2 0 0
 1 1 3 1 0 2 2 1 0 0 1 0 1 1 2 0 0 1 2 1 1 2 1 1 2 1 1 2 3 1 3 1 1 0 1 1 1
 2 1 2 1 0 1 1 1 1 0 2 1 3 0 1 1 1 2 1 1 0 0 1 1 1 1 2 1 2 0 1 0 3 1 1 2 0
 1 1 1 1 1 0 0 1 1 0 1 0 0 0 1 1 0 0 0 1 0 0 1 2 1 1 1 1 0 0 0 0 1 2 0 1 1
 2 1 2 0 1 1 1 1 1 2 2 1 1 1 1 1 1 1 1 1 1 1 1 1 1 0 2 2 0 1 1 1 0 1 1 2 3
 1]"
dbscan,4,,,,,0.04163110877135523,50,0.0,correlation,4,0.8999112601406165,0.2810239427619743,6.0,correlation,0.9990171340699479,"[0 1 1 1 1 2 1 1 0 1 0 0 1 1 1 1 0 1 0 0 1 0 3 1 3 1 3 1 1 0 1 1 0 1 0 1 0
 1 1 1 1 0 0 2 0 1 0 0 0 1 1 3 2 0 1 1 1 1 1 0 0 0 1 0 0 2 1 0 0 1 0 1 0 2
 2 1 0 2 3 1 2 1 1 1 0 1 1 0 2 0 2 1 1 1 1 0 2 0 1 3 1 1 0 1 1 2 1 0 1 1 0
 1 1 1 1 1 0 1 1 1 1 1 1 3 0 1 1 1 0 1 1 1 0 1 1 0 2 1 1 0 1 0 0 1 1 0 0 1
 1 1 1 0 2 0 2 0 2 0 2 1 1 0 2 1 2 0 2 1 0 1 1 0 3 0 1 0 0 2 0 2 2 1 0 1 0
 0 0 1 1 2 1 0 0 3 1 1 1 1 0 0 0 1 1 3 0 0 2 2 2 1 1 2 1 0 0 1 1 3 2 0 1 1
 0 0 0 3 2 0 0 1 0 1 0 1 1 0 0 1 2 1 1 1 1 0 1 1 0 1 1 1 0 1 1 1 1 1 0 1 1
 0 1 1 0 0 1 3 1 0 0 2 0 1 1 1 0 2 2 0 1 0 0 0 0 0 0 1 0 0 1 2 0 1 0 2 0 1
 2 1 0 0 1 1 1 0 1 1 0 0 0 1 2 1 1 0 2 0 0 1 1 0 1 1 0 1 1 1 0 1 1 0 3 1 1
 0 0 1 1 3 2 1 2 0 2 1 0 1 1 1 2 2 1 1 1 2 1 1 0 1 0 0 1 0 1 3 0 1 1 1 2 1
 0 0 1 1 0 1 0 0 1 1 0 0 2 2 0 1 1 0 1 2 0 1 0 1 0 0 0 1 1 1 0 1 0 2 0 1 2
 2 2 0 1 1 0 0 1 1 0 2 2 3 0 2 0 3 1 0 1 0 1 2 1 0 0 1 0 1 2 0 2 0 0 0 1 1
 2 1 1 2 0 0 1 1 3 2 1 0 1 1 1 1 1 1 2 2 1 1 1 1 3 1 0 2 0 0 0 1 0 0 2 1 1
 0 0 2 1 0 0 0 0 1 0 3 1 0 0 1 1 0 0 1 3 1 0 1 1 0 0 0 0 2 0 1 1 1 0 1 0 1
 1 1 1 0 3 2 0 0 2 2 1 0 1 1 1 1 0 0 2 3 1 1 1 0 0 0 0 0 3 1 2 0 0 1 0 1 3
 1 0 0 0 0 0 1 3 2 0 1 1 1 2 0 2 1 1 0 1 0 1 0 0 1 0 1 1 1 1 1 0 2 1 0 0 1
 1 1 1 1 2 0 2 2 3 0 1 0 1 1 3 1 0 0 2 0 1 0 2 1 1 0 1 1 1 0 0 0 1 1 0 1 2
 1 0 0 2 2 1 1 0 0 0 1 1 0 0 0 1 1 1 1 0 1 2 1 0 2 1 0 0 0 3 1 1 1 0 1 1 1
 0 1 0 0 1 0 2 0 2 1 1 1 3 1 0 2 0 2 1 0 0 1 1 1 2 0 0 1 0 1 1 0 2 0 2 0 1
 0 1 3 2 1 1 0 2 1 0 1 1 0 2 1 0 1 1 1 0 0 0 0 1 0 1 0 1 1 2 1 0 0 2 1 0 0
 0 0 0 0 0 1 0 0 0 0 1 1 1 2 1 0 1 2 1 0 0 1 0 2 2 3 1 0 1 1 1 1 1 1 2 2 1
 1 0 2 0 0 0 1 1 1 1 1 1 1 0 1 1 2 2 1 1 2 0 1 0 0 0 0 0 1 1 2 1 1 0 1 1 0
 0 1 0 1 0 1 0 1 1 0 1 0 0 1 0 2 1 1 3 1 0 1 1 2 0 0 2 2 0 0 1 2 1 0 2 0 0
 0 1 3 1 0 2 2 0 0 0 1 0 0 1 2 0 0 1 2 0 1 2 1 0 2 1 0 2 3 1 3 1 0 0 1 1 1
 2 1 2 0 0 0 1 0 1 0 2 1 3 0 0 1 1 2 1 1 0 0 1 1 1 1 2 1 2 0 0 0 3 1 1 2 0
 1 1 1 1 1 0 0 1 0 0 1 0 0 0 1 1 0 0 0 0 0 0 1 2 0 1 1 1 0 0 0 0 1 2 0 1 1
 2 1 2 0 0 1 1 1 1 2 2 1 1 1 1 1 1 1 1 1 1 1 0 0 0 0 2 2 0 1 0 1 0 1 1 2 3
 1]"
dbscan,5,,,,,0.0395887790631245,50,0.0,cosine,4,0.8962757382368848,0.5982949685977257,6.0,minkowski,0.9454420832154131,"[ 0  1  1  1  1  2  1  1  0  1  0  0  1  1  1  1  0  1  0  0  1  0  3  1
  3  1  3  1  1  0  1  1  0  1  0  1  4  1  1  1  1  4  0  2  4  1  0  0
  4  1  1  3  2  4  1  1  1  1  1  0  0  0  1  0  4  2  1  4  0  1  4  1
  0  2  2  1  0  2  3  1  2  1  1  1  4  1  1  0  2  0  2  1  1  1  1  0
  2  0  1  3  1  1  4  1  1  2  1  0  1  1  0  1  1  1  1  1  0  1  1  1
  1  1  1  3  4  1  1  1  4  1  1  1  4  1  1  4  2  1  1  0  1  0  0  1
  1  0  0  1  1  1  1  0  2  0  2  0  2  4  2  1  1  0  2  1  2  4  2  1
  0  1  1  4  3  0  1  0  4  2  4  2  2  1  4  1  4  0  0  1  1  2  1  4
  4  3  1  1  1  1  0  4  0  1  1  3  0  0  2  2  2  1  1  2  1  0  0  1
  1  3  2  4  1  1  4  0  0  3  2  4  0  1  4  1  0  1  1  4  0  1  2  1
  1  1  1  0  1  1  0  1  1  1  0  1  1  1  1  1  0  1  1  0  1  1  0  0
  1  3  1  0  0  2  0  1  1  1  0  2  2  0  1  0  0  4  0  0  0  1  4  0
  1  2  0  1  0  2  0  1  2  1  0  0  1  1  1  0  1  1  0  0  4  1  2  1
  1  4  2  4  0  1  1  4  1  1  0  1  1  1  0  1  1  4  3  1  1  0  0  1
  1  3  2  1  2  0  2  1  0  1  1  1  2  2  1  1  1  2  1  1  0  1  0  0
  1  0  1  3  4  1  1  1  2  1  4  4  1  1  0  1  0  0  1  1  0  0  2  2
  0  1  1  4  1  2  4  1  4  1  0  0  4  1  1  1  0  1  0  2  0  1  2  2
  2  4  1  1  0  4  1  1  4  2  2  3  0  2  4  3  1  4  1  4  1  2  1  4
  4  1  0  1  2  0  2  0  4  0  1  1  2  1  1  2  0  0  1  1  3  2  1  4
  1  1  1  1  1  1  2  2  1  1  1  1  3  1  0  2  4  0  0  1  4  0  2  1
  1  0  4  2  1  4  0  0  0  1  4  3  1  4  4  1  1  0  0  1  3  1  0  1
  1  4  0  0  0  2  0  1  1  1  0  1  0  1  1  1  1  0  3  2 -1  4  2  2
  1  0  1  1  1  1  0  4  2  3  1  1  1  4  4  0  0  0  3  1  2  0  0  1
  4  1  3  1  0  0  0  4  0  1  3  2  4  1  1  1  2  0  2  1  1  4  1  0
  1  0  4  1  0  1  1  1  1  1  0  2  1  0  4  1  1  1  1  1  2  0  2  2
  3  4  1  0  1 -1  3  1  0  0  2  0  1  0  2  1  1  0  1  1  1  4  0  0
  1  1  0  1  2  1  4  1  2  2  1  1  0  0  0  1  1  0  0  0  1  1  1  1
  4  1  2  1  0  2  1  0  4  0  3  1  1  1  0  1  1  1  4  1  4  0  1  0
  2  0  2  1  1  1  3  1  0  2  0  2  1  4  0  1  1  1  2  4  0  1  4  1
  1  4  2  0  2  4  1  0  1  3  2  1  1  0  2  1  0  1  1  4  2  1  0  1
  1  1  4  0  0  4  1  0  1  0  1  1  2  1  4  4  2  1  0  0  4  0  0  0
  4  1  4  4  0  4  1  1  1  2  1  0  1  2  1  0  4  1 -1  2  2  3  1  0
  1  1  1  1  1  1  2  2  1  1  0  2  0  0  0  1  1  1  1  1  1  1  0  1
  1  2  2  1  1  2  2  1  0  0  0  4  0  1  1  2  1  1  0  1  1  0  0  1
  0  1  4  1  0  1  1  4  1  0  0  1  4  2  1  1  3  1  0  1  1  2  4  4
  2  2  0  4  1  2  1  4  2  0  0  4  1  3  1  0  2  2  4  0  0  1  0  4
  1  2  0  0  1  2  4  1  2  1  4  2  1  4  2  3  1  3  1  4  0  1  1  1
  2  1  2  4  0  4  1  4  1  0  2  1  3  0  4  1  1  2  1  1  0  0  1  1
  1  1  2  1  2  0  4  0  3  1  1  2  0  1  1  1  1  1  0  0  1  4  0  1
  0  0  0  1  1  0  0  0  4  0  0  1  2  4  1  1  1  0  0  0  0  1  2  0
 -1  1  2  1  2  0  4  1  1  1  1  2  2  1  1  1  1 -1  1  1  1  1  1  1
  4  4  4  0  2  2  0  1 -1 -1  0  1  1  2  3  1]"
dbscan,4,,,,,0.04524669304303934,100,0.0,correlation,4,0.9022164685108888,0.27629377209596007,6.0,correlation,0.9991097803568745,"[0 1 1 1 1 2 1 1 0 1 0 0 1 1 1 1 0 1 0 0 1 0 3 1 3 1 3 1 1 0 1 1 0 1 0 1 0
 1 1 1 1 0 0 2 0 1 0 0 0 1 1 3 2 0 1 1 1 1 1 0 0 0 1 0 0 2 1 0 0 1 0 1 0 2
 2 1 0 2 3 1 2 1 1 1 0 1 1 0 2 0 2 1 1 1 1 0 2 0 1 3 1 1 0 1 1 2 1 0 1 1 0
 1 1 1 1 1 0 1 1 1 1 1 1 3 0 1 1 1 0 1 1 1 0 1 1 0 2 1 1 0 1 0 0 1 1 0 0 1
 1 1 1 0 2 0 2 0 2 0 2 1 1 0 2 1 2 0 2 1 0 1 1 0 3 0 1 0 0 2 0 2 2 1 0 1 0
 0 0 1 1 2 1 0 0 3 1 1 1 1 0 0 0 1 1 3 0 0 2 2 2 1 1 2 1 0 0 1 1 3 2 0 1 1
 0 0 0 3 2 0 0 1 0 1 0 1 1 0 0 1 2 1 1 1 1 0 1 1 0 1 1 1 0 1 1 1 1 1 0 1 1
 0 1 1 0 0 1 3 1 0 0 2 0 1 1 1 0 2 2 0 1 0 0 0 0 0 0 1 0 0 1 2 0 1 0 2 0 1
 2 1 0 0 1 1 1 0 1 1 0 0 0 1 2 1 1 0 2 0 0 1 1 0 1 1 0 1 1 1 0 1 1 0 3 1 1
 0 0 1 1 3 2 1 2 0 2 1 0 1 1 1 2 2 1 1 1 2 1 1 0 1 0 0 1 0 1 3 0 1 1 1 2 1
 0 0 1 1 0 1 0 0 1 1 0 0 2 2 0 1 1 0 1 2 0 1 0 1 0 0 0 1 1 1 0 1 0 2 0 1 2
 2 2 0 1 1 0 0 1 1 0 2 2 3 0 2 0 3 1 0 1 0 1 2 1 0 0 1 0 1 2 0 2 0 0 0 1 1
 2 1 1 2 0 0 1 1 3 2 1 0 1 1 1 1 1 1 2 2 1 1 1 1 3 1 0 2 0 0 0 1 0 0 2 1 1
 0 0 2 1 0 0 0 0 1 0 3 1 0 0 1 1 0 0 1 3 1 0 1 1 0 0 0 0 2 0 1 1 1 0 1 0 1
 1 1 1 0 3 2 0 0 2 2 1 0 1 1 1 1 0 0 2 3 1 1 1 0 0 0 0 0 3 1 2 0 0 1 0 1 3
 1 0 0 0 0 0 1 3 2 0 1 1 1 2 0 2 1 1 0 1 0 1 0 0 1 0 1 1 1 1 1 0 2 1 0 0 1
 1 1 1 1 2 0 2 2 3 0 1 0 1 1 3 1 0 0 2 0 1 0 2 1 1 0 1 1 1 0 0 0 1 1 0 1 2
 1 0 1 2 2 1 1 0 0 0 1 1 0 0 0 1 1 1 1 0 1 2 1 0 2 1 0 0 0 3 1 1 1 0 1 1 1
 0 1 0 0 1 0 2 0 2 1 1 1 3 1 0 2 0 2 1 0 0 1 1 1 2 0 0 1 0 1 1 0 2 0 2 0 1
 0 1 3 2 1 1 0 2 1 0 1 1 0 2 1 0 1 1 1 0 0 0 0 1 0 1 0 1 1 2 1 0 0 2 1 0 0
 0 0 0 0 0 1 0 0 0 0 1 1 1 2 1 0 1 2 1 0 0 1 0 2 2 3 1 0 1 1 1 1 1 1 2 2 1
 1 0 2 0 0 0 1 1 1 1 1 1 1 0 1 1 2 2 1 1 2 0 1 0 0 0 0 0 1 1 2 1 1 0 1 1 0
 0 1 0 1 0 1 0 1 1 0 1 0 0 1 0 2 1 1 3 1 0 1 1 2 0 0 2 2 0 0 1 2 1 0 2 0 0
 0 1 3 1 0 2 2 0 0 0 1 0 0 1 2 0 0 1 2 0 1 2 1 0 2 1 0 2 3 1 3 1 0 0 1 1 1
 2 1 2 0 0 0 1 0 1 0 2 1 3 0 0 1 1 2 1 1 0 0 1 1 1 1 2 1 2 0 0 0 3 1 1 2 0
 1 1 1 1 1 0 0 1 0 0 1 0 0 0 1 1 0 0 0 0 0 0 1 2 0 1 1 1 0 0 0 0 1 2 0 1 1
 2 1 2 0 0 1 1 1 1 2 2 1 1 1 1 1 1 1 1 1 1 1 0 0 0 0 2 2 0 1 1 1 0 1 1 2 3
 1]"
dbscan,3,,,,,0.02906959946755523,100,0.0,cosine,4,0.8911638493231313,0.31600260159934523,6.0,cosine,0.9931972440075587,"[0 0 0 0 0 1 0 0 0 0 0 0 0 0 0 0 0 0 0 0 0 0 2 0 2 0 2 0 0 0 0 0 0 0 0 0 0
 0 0 0 0 0 0 1 0 0 0 0 0 0 0 2 1 0 0 0 0 0 0 0 0 0 0 0 0 1 0 0 0 0 0 0 0 1
 1 0 0 1 2 0 1 0 0 0 0 0 0 0 1 0 1 0 0 0 0 0 1 0 0 2 0 0 0 0 0 1 0 0 0 0 0
 0 0 0 0 0 0 0 0 0 0 0 0 2 0 0 0 0 0 0 0 0 0 0 0 0 1 0 0 0 0 0 0 0 0 0 0 0
 0 0 0 0 1 0 1 0 1 0 1 0 0 0 1 0 1 0 1 0 0 0 0 0 2 0 0 0 0 1 0 1 1 0 0 0 0
 0 0 0 0 1 0 0 0 2 0 0 0 0 0 0 0 0 0 2 0 0 1 1 1 0 0 1 0 0 0 0 0 2 1 0 0 0
 0 0 0 2 1 0 0 0 0 0 0 0 0 0 0 0 1 0 0 0 0 0 0 0 0 0 0 0 0 0 0 0 0 0 0 0 0
 0 0 0 0 0 0 2 0 0 0 1 0 0 0 0 0 1 1 0 0 0 0 0 0 0 0 0 0 0 0 1 0 0 0 1 0 0
 1 0 0 0 0 0 0 0 0 0 0 0 0 0 1 0 0 0 1 0 0 0 0 0 0 0 0 0 0 0 0 0 0 0 2 0 0
 0 0 0 0 2 1 0 1 0 1 0 0 0 0 0 1 1 0 0 0 1 0 0 0 0 0 0 0 0 0 2 0 0 0 0 1 0
 0 0 0 0 0 0 0 0 0 0 0 0 1 1 0 0 0 0 0 1 0 0 0 0 0 0 0 0 0 0 0 0 0 1 0 0 1
 1 1 0 0 0 0 0 0 0 0 1 1 2 0 1 0 2 0 0 0 0 0 1 0 0 0 0 0 0 1 0 1 0 0 0 0 0
 1 0 0 1 0 0 0 0 2 1 0 0 0 0 0 0 0 0 1 1 0 0 0 0 2 0 0 1 0 0 0 0 0 0 1 0 0
 0 0 1 0 0 0 0 0 0 0 2 0 0 0 0 0 0 0 0 2 0 0 0 0 0 0 0 0 1 0 0 0 0 0 0 0 0
 0 0 0 0 2 1 0 0 1 1 0 0 0 0 0 0 0 0 1 2 0 0 0 0 0 0 0 0 2 0 1 0 0 0 0 0 2
 0 0 0 0 0 0 0 2 1 0 0 0 0 1 0 1 0 0 0 0 0 0 0 0 0 0 0 0 0 0 0 0 1 0 0 0 0
 0 0 0 0 1 0 1 1 2 0 0 0 0 0 2 0 0 0 1 0 0 0 1 0 0 0 0 0 0 0 0 0 0 0 0 0 1
 0 0 0 1 1 0 0 0 0 0 0 0 0 0 0 0 0 0 0 0 0 1 0 0 1 0 0 0 0 2 0 0 0 0 0 0 0
 0 0 0 0 0 0 1 0 1 0 0 0 2 0 0 1 0 1 0 0 0 0 0 0 1 0 0 0 0 0 0 0 1 0 1 0 0
 0 0 2 1 0 0 0 1 0 0 0 0 0 1 0 0 0 0 0 0 0 0 0 0 0 0 0 0 0 1 0 0 0 1 0 0 0
 0 0 0 0 0 0 0 0 0 0 0 0 0 1 0 0 0 1 0 0 0 0 0 1 1 2 0 0 0 0 0 0 0 0 1 1 0
 0 0 1 0 0 0 0 0 0 0 0 0 0 0 0 0 1 1 0 0 1 1 0 0 0 0 0 0 0 0 1 0 0 0 0 0 0
 0 0 0 0 0 0 0 0 0 0 0 0 0 0 0 1 0 0 2 0 0 0 0 1 0 0 1 1 0 0 0 1 0 0 1 0 0
 0 0 2 0 0 1 1 0 0 0 0 0 0 0 1 0 0 0 1 0 0 1 0 0 1 0 0 1 2 0 2 0 0 0 0 0 0
 1 0 1 0 0 0 0 0 0 0 1 0 2 0 0 0 0 1 0 0 0 0 0 0 0 0 1 0 1 0 0 0 2 0 0 1 0
 0 0 0 0 0 0 0 0 0 0 0 0 0 0 0 0 0 0 0 0 0 0 0 1 0 0 0 0 0 0 0 0 0 1 0 0 0
 1 0 1 0 0 0 0 0 0 1 1 0 0 0 0 0 0 0 0 0 0 0 0 0 0 0 1 1 0 0 0 0 0 0 0 1 2
 0]"
dbscan,3,,,,,0.05883764187080357,200,0.0,correlation,4,0.8710143602573266,0.24458183226955726,6.0,cosine,0.9960293119976824,"[0 1 1 1 1 1 1 1 0 1 0 0 1 1 1 1 0 1 0 0 1 0 2 1 2 1 2 1 1 0 1 1 0 1 0 1 0
 1 1 1 1 0 0 1 0 1 0 0 0 1 1 2 1 0 1 1 1 1 1 0 0 0 1 0 0 1 1 0 0 1 0 1 0 1
 1 1 0 1 2 1 1 1 1 1 0 1 1 0 1 0 1 1 1 1 1 0 1 0 1 2 1 1 0 1 1 1 1 0 1 1 0
 1 1 1 1 1 0 1 1 1 1 1 1 2 0 1 1 1 0 1 1 1 0 1 1 0 1 1 1 0 1 0 0 1 1 0 0 1
 1 1 1 0 1 0 1 0 1 0 1 1 1 0 1 1 1 0 1 1 0 1 1 0 2 0 1 0 0 1 0 1 1 1 0 1 0
 0 0 1 1 1 1 0 0 2 1 1 1 1 0 0 0 1 1 2 0 0 1 1 1 1 1 1 1 0 0 1 1 2 1 0 1 1
 0 0 0 2 1 0 0 1 0 1 0 1 1 0 0 1 1 1 1 1 1 0 1 1 0 1 1 1 0 1 1 1 1 1 0 1 1
 0 1 1 0 0 1 2 1 0 0 1 0 1 1 1 0 1 1 0 1 0 0 0 0 0 0 1 0 0 1 1 0 1 0 1 0 1
 1 1 0 0 1 1 1 0 1 1 0 0 0 1 1 1 1 0 1 0 0 1 1 0 1 1 0 1 1 1 0 1 1 0 2 1 1
 0 0 1 1 2 1 1 1 0 1 1 0 1 1 1 1 1 1 1 1 1 1 1 0 1 0 0 1 0 1 2 0 1 1 1 1 1
 0 0 1 1 0 1 0 0 1 1 0 0 1 1 0 1 1 0 1 1 0 1 0 1 0 0 0 1 1 1 0 1 0 1 0 1 1
 1 1 0 1 1 0 0 1 1 0 1 1 2 0 1 0 2 1 0 1 0 1 1 1 0 0 1 0 1 1 0 1 0 0 0 1 1
 1 1 1 1 0 0 1 1 2 1 1 0 1 1 1 1 1 1 1 1 1 1 1 1 2 1 0 1 0 0 0 1 0 1 1 1 1
 0 0 1 1 0 0 0 0 1 0 2 1 0 0 1 1 0 0 1 2 1 0 1 1 0 0 0 0 1 0 1 1 1 0 1 0 1
 1 1 1 0 2 1 0 0 1 1 1 0 1 1 1 1 0 0 1 2 1 1 1 0 0 0 0 0 2 1 1 0 0 1 0 1 2
 1 0 0 0 0 0 1 2 1 0 1 1 1 1 0 1 1 1 0 1 0 1 0 0 1 0 1 1 1 1 1 0 1 1 0 0 1
 1 1 1 1 1 0 1 1 2 0 1 0 1 1 2 1 0 0 1 0 1 0 1 1 1 0 1 1 1 0 0 0 1 1 0 1 1
 1 0 1 1 1 1 1 0 0 0 1 1 0 0 0 1 1 1 1 0 1 1 1 0 1 1 0 0 0 2 1 1 1 0 1 1 1
 0 1 0 0 1 0 1 0 1 1 1 1 2 1 0 1 0 1 1 0 0 1 1 1 1 0 0 1 0 1 1 0 1 0 1 0 1
 0 1 2 1 1 1 0 1 1 0 1 1 0 1 1 0 1 1 1 0 0 0 0 1 0 1 0 1 1 1 1 0 0 1 1 0 0
 0 0 0 0 0 1 0 0 0 0 1 1 1 1 1 0 1 1 1 0 0 1 0 1 1 2 1 0 1 1 1 1 1 1 1 1 1
 1 0 1 0 0 0 1 1 1 1 1 1 1 0 1 1 1 1 1 1 1 0 1 0 0 0 0 0 1 1 1 1 1 0 1 1 0
 0 1 0 1 0 1 0 1 1 0 1 0 0 1 0 1 1 1 2 1 0 1 1 1 0 0 1 1 0 0 1 1 1 0 1 0 0
 0 1 2 1 0 1 1 0 0 0 1 0 0 1 1 0 0 1 1 0 1 1 1 0 1 1 0 1 2 1 2 1 0 0 1 1 1
 1 1 1 0 0 0 1 0 1 0 1 1 2 0 0 1 1 1 1 1 0 0 1 1 1 1 1 1 1 0 0 0 2 1 1 1 0
 1 1 1 1 1 0 0 1 0 0 1 0 0 0 1 1 0 0 0 0 0 0 1 1 0 1 1 1 0 0 0 0 1 1 0 1 1
 1 1 1 0 0 1 1 1 1 1 1 1 1 1 1 1 1 1 1 1 1 1 0 0 0 0 1 1 0 1 1 1 0 1 1 1 2
 1]"
dbscan,5,,,,,0.032446270435749686,200,0.0,cosine,4,0.8982765832737669,0.7117875954003985,6.0,manhattan,0.924844710635641,"[ 0  1  1  1  1  2  1  1  0  1  0  0  1  1  1  1  0  1  0  0  1  0  3  1
  3  1  3  1  1  0  1  1  0  1  0  1  4  1  1  1  1  4  0  2  4  1  0  0
  4  1  1  3  2  4  1  1  1  1  1  0  0  0  1  0  4  2  1  4  0  1  4  1
  0  2  2  1  0  2  3  1  2  1  1  1  4  1  1  0  2  0  2  1  1  1  1  0
  2  0  1  3  1  1  4  1  1  2  1  0  1  1  0  1  1  1  1  1  0  1  1  1
  1  1  1  3  4 -1  1  1  4  1  1  1  4  1  1  4  2  1  1  0  1  0  0  1
  1  0  0  1  1  1  1  0  2  0  2  0  2  4  2  1  1  0  2  1  2  4  2  1
  0  1  1  4  3  0  1  0  4  2  4  2  2  1  4  1  4  0  0  1  1  2  1  4
  4  3  1  1  1  1  0  4  0  1  1  3  0  0  2  2  2  1  1  2  1  0  0  1
  1  3  2  4  1  1  4  0  0  3  2  4  0  1  4  1  0  1  1  4  0  1  2  1
  1  1  1  0  1  1  0  1  1  1  0  1  1  1  1  1  0  1  1  0  1  1  0  0
  1  3  1  0  0  2  0  1  1  1  0  2  2  0 -1  0  0  4  0  0  0  1  4  0
  1  2  0  1  0  2  0  1  2  1  0  0  1  1  1  0  1  1  0  0  4  1  2  1
  1  4  2  4  0  1  1  4  1  1  0  1  1  1  0  1  1  4  3  1  1  0  0  1
  1  3  2  1  2  0  2  1  0  1  1  1  2  2  1  1  1  2  1  1  0  1  0  0
  1  0  1  3  4  1  1  1  2  1  4  4  1  1  0  1  0  0  1  1  0  0  2  2
  0  1  1  4  1  2  4  1  4  1  0  0  4  1  1  1  0  1  0  2  0  1  2  2
  2  0  1  1  0  4  1  1  4  2  2  3  0  2  4  3  1  4  1  4  1  2  1  4
  4  1  0  1  2  0  2  0  4  0  1  1  2  1  1  2  0  0  1  1  3  2  1  4
  1  1  1  1  1  1  2  2  1  1  1  1  3  1  0  2  4  0  0  1  4  0  2  1
  1  0  4  2  1  4  0  0  0  1  4  3  1  4  4  1 -1  0  0  1  3  1  0  1
  1  4  0  0  0  2  0  1  1  1  0  1  0  1  1  1  1  0  3  2  4  4  2  2
  1  0  1  1  1  1  0  4  2  3  1  1  1  4  4  0  0  0  3  1  2  0  0  1
  4  1  3  1  0  0  0  4  0  1  3  2  4  1  1  1  2  0  2  1  1  4  1  0
  1  0  4  1  0  1  1  1  1  1  0  2  1  0  4  1  1  1  1  1  2  0  2  2
  3  4  1  0  1 -1  3  1  0  0  2  0  1  0  2  1  1  0  1  1  1  4  0  0
  1  1  0  1  2  1  4 -1  2  2  1  1  0  0  0  1  1  0  0  0  1  1  1  1
  4  1  2  1  0  2  1  0  4  0  3  1  1  1  0  1  1  1  4  1  4  0  1  0
  2  0  2  1  1  1  3  1  0  2  0  2  1  4  0  1  1  1  2  4  0  1  0  1
  1  4  2  0  2  4  1  0  1  3  2  1  1  0  2  1  0  1  1  4  2  1  0  1
  1  1  4  0  0  4  1  0 -1  0  1  1  2  1  4  4  2  1  0  0  4  0  0  0
  4  1  4  4  0  4  1  1  1  2  1  0  1  2  1  0  4  1  0  2  2  3  1  0
  1  1  1  1  1  1  2  2  1  1  0  2  0  0  0  1  1  1  1  1  1  1  0  1
  1  2  2  1  1  2  2  1  0  0  0  4  0  1  1  2  1  1  0  1  1  0  0  1
  0  1  4  1  0  1  1  4  1  0  0  1  4  2  1  1  3  1  0  1  1  2  4  4
  2  2  0  4  1  2  1  4  2  0  0  4  1  3  1  0  2  2  4  0  0  1  0  4
  1  2  0  0  1  2  4  1  2  1  4  2  1  4  2  3  1  3  1  4  0  1  1  1
  2  1  2  4  0  4  1  4  1  0  2  1  3  0  4  1  1  2  1  1  0  0  1  1
  1  1  2  1  2  0  4  0  3  1  1  2  0  1  1  1  1  1  0  0  1  4  0  1
  0  0  0  1  1  0  0  0  4  0  0  1  2  4  1  1  1  0  0  0  0  1  2  0
 -1  1  2  1  2  0  4  1  1  1  1  2  2  1  1  1  1 -1  1  1  1  1  1  1
  4  4  4  0  2  2  0  1 -1 -1  0  1  1  2  3  1]"
dbscan,4,,,,,0.04131807121716163,10,0.01,correlation,4,0.9024116810563738,0.3324787489066732,6.0,correlation,0.9576835110983695,"[0 1 1 1 1 2 1 1 0 1 0 0 1 1 1 1 0 1 0 0 1 0 3 1 3 1 3 1 1 0 1 1 0 1 0 1 0
 1 1 1 1 0 0 2 0 1 0 0 0 1 1 3 2 0 1 1 1 1 1 0 0 0 1 0 0 2 1 0 0 1 0 1 0 2
 2 1 0 2 3 1 2 1 1 1 0 1 1 0 2 0 2 1 1 1 1 0 2 0 1 3 1 1 0 1 1 2 1 0 1 1 0
 1 1 1 1 1 0 1 1 1 1 1 1 3 0 1 1 1 0 1 1 1 0 1 1 0 2 1 1 0 1 0 0 1 1 0 0 1
 1 1 1 0 2 0 2 0 2 0 2 1 1 0 2 1 2 0 2 1 0 1 1 0 3 0 1 0 0 2 0 2 2 1 0 1 0
 0 0 1 1 2 1 0 0 3 1 1 1 1 0 0 0 1 1 3 0 0 2 2 2 1 1 2 1 0 0 1 1 3 2 0 1 1
 0 0 0 3 2 0 0 1 0 1 0 1 1 0 0 1 2 1 1 1 1 0 1 1 0 1 1 1 0 1 1 1 1 1 0 1 1
 0 1 1 0 0 1 3 1 0 0 2 0 1 1 1 0 2 2 0 1 0 0 0 0 0 0 1 0 0 1 2 0 1 0 2 0 1
 2 1 0 0 1 1 1 0 1 1 0 0 0 1 2 1 1 0 2 0 0 1 1 0 1 1 0 1 1 1 0 1 1 0 3 1 1
 0 0 1 1 3 2 1 2 0 2 1 0 1 1 1 2 2 1 1 1 2 1 1 0 1 0 0 1 0 1 3 0 1 1 1 2 1
 0 0 1 1 0 1 0 0 1 1 0 0 2 2 0 1 1 0 1 2 0 1 0 1 0 0 0 1 1 1 0 1 0 2 0 1 2
 2 2 0 1 1 0 0 1 1 0 2 2 3 0 2 0 3 1 0 1 0 1 2 1 0 0 1 0 1 2 0 2 0 0 0 1 1
 2 1 1 2 0 0 1 1 3 2 1 0 1 1 1 1 1 1 2 2 1 1 1 1 3 1 0 2 0 0 0 1 0 0 2 1 1
 0 0 2 1 0 0 0 0 1 0 3 1 0 0 1 1 0 0 1 3 1 0 1 1 0 0 0 0 2 0 1 1 1 0 1 0 1
 1 1 1 0 3 2 0 0 2 2 1 0 1 1 1 1 0 0 2 3 1 1 1 0 0 0 0 0 3 1 2 0 0 1 0 1 3
 1 0 0 0 0 0 1 3 2 0 1 1 1 2 0 2 1 1 0 1 0 1 0 0 1 0 1 1 1 1 1 0 2 1 0 0 1
 1 1 1 1 2 0 2 2 3 0 1 0 1 1 3 1 0 0 2 0 1 0 2 1 1 0 1 1 1 0 0 0 1 1 0 1 2
 1 0 0 2 2 1 1 0 0 0 1 1 0 0 0 1 1 1 1 0 1 2 1 0 2 1 0 0 0 3 1 1 1 0 1 1 1
 0 1 0 0 1 0 2 0 2 1 1 1 3 1 0 2 0 2 1 0 0 1 1 1 2 0 0 1 0 1 1 0 2 0 2 0 1
 0 1 3 2 1 1 0 2 1 0 1 1 0 2 1 0 1 1 1 0 0 0 0 1 0 1 0 1 1 2 1 0 0 2 1 0 0
 0 0 0 0 0 1 0 0 0 0 1 1 1 2 1 0 1 2 1 0 0 1 0 2 2 3 1 0 1 1 1 1 1 1 2 2 1
 1 0 2 0 0 0 1 1 1 1 1 1 1 0 1 1 2 2 1 1 2 2 1 0 0 0 0 0 1 1 2 1 1 0 1 1 0
 0 1 0 1 0 1 0 1 1 0 1 0 0 1 0 2 1 1 3 1 0 1 1 2 0 0 2 2 0 0 1 2 1 0 2 0 0
 0 1 3 1 0 2 2 0 0 0 1 0 0 1 2 0 0 1 2 0 1 2 1 0 2 1 0 2 3 1 3 1 0 0 1 1 1
 2 1 2 0 0 0 1 0 1 0 2 1 3 0 0 1 1 2 1 1 0 0 1 1 1 1 2 1 2 0 0 0 3 1 1 2 0
 1 1 1 1 1 0 0 1 0 0 1 0 0 0 1 1 0 0 0 0 0 0 1 2 0 1 1 1 0 0 0 0 1 2 0 1 1
 2 1 2 0 0 1 1 1 1 2 2 1 1 1 1 1 1 1 1 1 1 1 0 0 0 0 2 2 0 1 0 1 0 1 1 2 3
 1]"
dbscan,7,,,,,0.033500946450447516,10,0.01,cosine,4,0.8968259014728288,0.4114679308757473,5.0,euclidean,0.8930624767085484,"[0 1 1 1 1 2 1 1 0 1 3 0 1 1 1 1 0 1 3 0 1 3 4 1 4 1 4 1 1 0 1 1 0 1 3 1 5
 1 1 1 1 5 0 2 5 1 0 0 5 1 1 4 6 5 1 1 1 1 1 3 0 3 1 0 5 2 1 5 0 1 5 1 0 2
 2 1 0 6 4 1 6 1 1 1 5 1 1 0 6 0 2 1 1 1 1 3 6 0 1 4 1 1 5 1 1 6 1 3 1 1 3
 1 1 1 1 1 0 1 1 1 1 1 1 4 5 1 1 1 5 1 1 1 5 1 1 5 2 1 1 0 1 0 0 1 1 0 0 1
 1 1 1 0 6 0 2 3 2 1 6 1 1 0 2 1 2 5 6 1 3 1 1 5 4 0 1 3 5 6 5 2 6 1 5 1 5
 0 3 1 1 6 1 5 5 4 1 1 1 1 3 5 3 1 1 4 3 0 2 2 2 1 1 2 1 0 3 1 1 4 2 5 1 1
 5 3 0 4 6 5 0 1 5 1 3 1 1 5 0 1 6 1 1 1 1 0 1 1 0 1 1 1 0 1 1 1 1 1 0 1 1
 0 1 1 3 3 1 4 1 3 0 6 0 1 1 1 0 6 6 0 1 0 0 5 0 0 3 1 5 0 1 2 0 1 0 6 0 1
 2 1 3 0 1 1 1 3 1 1 0 3 5 1 2 1 1 5 2 5 3 1 1 5 1 1 0 1 1 1 0 1 1 5 4 1 1
 0 3 1 1 4 2 1 6 0 6 1 0 1 1 1 6 2 1 1 1 2 1 1 3 1 0 0 1 0 1 4 5 1 1 1 6 1
 5 5 1 1 0 1 3 0 1 1 0 3 6 6 3 1 1 5 1 2 5 1 5 1 3 3 5 1 1 1 0 1 0 2 3 1 6
 2 6 5 1 1 0 5 1 1 5 6 2 4 0 2 5 4 1 5 1 5 1 6 1 5 5 1 3 1 6 0 6 0 5 0 1 1
 2 1 1 6 0 0 1 1 4 6 1 5 1 1 1 1 1 1 6 2 1 1 1 1 4 1 0 2 5 0 3 1 5 0 6 1 1
 0 5 2 1 5 3 0 3 1 5 4 1 5 5 1 1 0 0 1 4 1 0 1 1 5 0 0 0 2 0 1 1 1 0 1 0 1
 1 1 1 3 4 2 1 5 2 6 1 0 1 1 1 1 0 1 2 4 1 1 1 5 5 0 3 0 4 1 6 0 0 1 5 1 4
 1 3 0 3 5 3 1 4 6 5 1 1 1 6 0 6 1 1 5 1 0 1 0 5 1 3 1 1 1 1 1 0 6 1 3 5 1
 1 1 1 1 2 3 2 6 4 5 1 0 1 1 4 1 0 5 2 3 1 3 6 1 1 3 1 1 1 1 3 0 1 1 0 1 6
 1 5 1 6 6 1 1 0 3 3 1 1 0 0 0 1 1 1 1 5 1 6 1 3 2 1 0 5 3 4 1 1 1 0 1 1 1
 5 1 5 0 1 0 6 0 6 1 1 1 4 1 0 2 3 6 1 5 0 1 1 1 2 5 0 1 5 1 1 5 2 3 6 5 1
 0 1 4 6 1 1 0 2 1 0 1 1 5 2 1 3 1 1 1 5 0 3 5 1 3 1 0 1 1 6 1 5 5 6 1 3 3
 5 0 0 3 5 1 5 5 0 5 1 1 1 2 1 0 1 6 1 3 5 1 1 2 2 4 1 3 1 1 1 1 1 1 6 2 1
 1 3 6 3 3 3 1 1 1 1 1 1 1 0 1 1 6 6 1 1 2 6 1 3 3 3 5 0 1 1 2 1 1 0 1 1 0
 0 1 0 1 5 1 0 1 1 5 1 3 0 1 5 6 1 1 4 1 3 1 1 2 5 5 2 6 0 5 1 2 1 5 2 0 0
 5 1 4 1 0 6 2 5 0 0 1 0 5 1 6 3 0 1 6 5 1 2 1 5 2 1 5 6 4 1 4 1 5 3 1 1 1
 2 1 2 5 3 5 1 5 1 3 6 1 4 3 5 1 1 2 1 1 0 3 1 1 1 1 2 1 6 3 5 0 4 1 1 6 0
 1 1 1 1 1 3 0 1 5 0 1 0 0 0 1 1 0 0 0 5 3 3 1 2 5 1 1 1 0 0 0 3 1 6 0 1 1
 6 1 2 0 5 1 1 1 1 2 6 1 1 1 1 1 1 1 1 1 1 1 5 5 5 3 6 2 0 1 1 1 0 1 1 6 4
 1]"
dbscan,4,,,,,0.04979604036770423,25,0.01,correlation,4,0.897012972972973,0.26246332851127224,6.0,correlation,0.9986839191971227,"[0 1 1 1 1 2 1 1 0 1 0 0 1 1 1 1 0 1 0 0 1 0 3 1 3 1 3 1 1 0 1 1 0 1 0 1 0
 1 1 1 1 0 0 2 0 1 0 0 0 1 1 3 2 0 1 1 1 1 1 0 0 0 1 0 0 2 1 0 0 1 0 1 0 2
 2 1 0 2 3 1 2 1 1 1 0 1 1 0 2 0 2 1 1 1 1 0 2 0 1 3 1 1 0 1 1 2 1 0 1 1 0
 1 1 1 1 1 0 1 1 1 1 1 1 3 0 1 1 1 0 1 1 1 0 1 1 0 2 1 1 0 1 0 0 1 1 0 0 1
 1 1 1 0 2 0 2 0 2 0 2 1 1 0 2 1 2 0 2 1 0 1 1 0 3 0 1 0 0 2 0 2 2 1 0 1 0
 0 0 1 1 2 1 0 0 3 1 1 1 1 0 0 0 1 1 3 0 0 2 2 2 1 1 2 1 0 0 1 1 3 2 0 1 1
 0 0 0 3 2 0 0 1 0 1 0 1 1 0 0 1 2 1 1 1 1 0 1 1 0 1 1 1 0 1 1 1 1 1 0 1 1
 0 1 1 0 0 1 3 1 0 0 2 0 1 1 1 0 2 2 0 1 0 0 0 0 0 0 1 0 0 1 2 0 1 0 2 0 1
 2 1 0 0 1 1 1 0 1 1 0 0 0 1 2 1 1 0 2 0 0 1 1 0 1 1 0 1 1 1 0 1 1 0 3 1 1
 0 0 1 1 3 2 1 2 0 2 1 0 1 1 1 2 2 1 1 1 2 1 1 0 1 0 0 1 0 1 3 0 1 1 1 2 1
 0 0 1 1 0 1 0 0 1 1 0 0 2 2 0 1 1 0 1 2 0 1 0 1 0 0 0 1 1 1 0 1 0 2 0 1 2
 2 2 0 1 1 0 0 1 1 0 2 2 3 0 2 0 3 1 0 1 0 1 2 1 0 0 1 0 1 2 0 2 0 0 0 1 1
 2 1 1 2 0 0 1 1 3 2 1 0 1 1 1 1 1 1 2 2 1 1 1 1 3 1 0 2 0 0 0 1 0 0 2 1 1
 0 0 2 1 0 0 0 0 1 0 3 1 0 0 1 1 0 0 1 3 1 0 1 1 0 0 0 0 2 0 1 1 1 0 1 0 1
 1 1 1 0 3 2 0 0 2 2 1 0 1 1 1 1 0 0 2 3 1 1 1 0 0 0 0 0 3 1 2 0 0 1 0 1 3
 1 0 0 0 0 0 1 3 2 0 1 1 1 2 0 2 1 1 0 1 0 1 0 0 1 0 1 1 1 1 1 0 2 1 0 0 1
 1 1 1 1 2 0 2 2 3 0 1 0 1 1 3 1 0 0 2 0 1 0 2 1 1 0 1 1 1 0 0 0 1 1 0 1 2
 1 0 0 2 2 1 1 0 0 0 1 1 0 0 0 1 1 1 1 0 1 2 1 0 2 1 0 0 0 3 1 1 1 0 1 1 1
 0 1 0 0 1 0 2 0 2 1 1 1 3 1 0 2 0 2 1 0 0 1 1 1 2 0 0 1 0 1 1 0 2 0 2 0 1
 0 1 3 2 1 1 0 2 1 0 1 1 0 2 1 0 1 1 1 0 0 0 0 1 0 1 0 1 1 2 1 0 0 2 1 0 0
 0 0 0 0 0 1 0 0 0 0 1 1 1 2 1 0 1 2 1 0 0 1 0 2 2 3 1 0 1 1 1 1 1 1 2 2 1
 1 0 2 0 0 0 1 1 1 1 1 1 1 0 1 1 2 2 1 1 2 2 1 0 0 0 0 0 1 1 2 1 1 0 1 1 0
 0 1 0 1 0 1 0 1 1 0 1 0 0 1 0 2 1 1 3 1 0 1 1 2 0 0 2 2 0 0 1 2 1 0 2 0 0
 0 1 3 1 0 2 2 0 0 0 1 0 0 1 2 0 0 1 2 0 1 2 1 0 2 1 0 2 3 1 3 1 0 0 1 1 1
 2 1 2 0 0 0 1 0 1 0 2 1 3 0 0 1 1 2 1 1 0 0 1 1 1 1 2 1 2 0 0 0 3 1 1 2 0
 1 1 1 1 1 0 0 1 0 0 1 0 0 0 1 1 0 0 0 0 0 0 1 2 0 1 1 1 0 0 0 0 1 2 0 1 1
 2 1 2 0 0 1 1 1 1 2 2 1 1 1 1 1 1 1 1 1 1 1 0 0 0 0 2 2 0 1 0 1 0 1 1 2 3
 1]"
dbscan,6,,,,,0.04060230923254822,25,0.01,cosine,4,0.903510893970894,0.40637146733953894,6.0,euclidean,0.9176379132377301,"[ 0  1  1  1  1  2  1  1  0  1  3  0  1  1  1  1  0  1  3  0  1  3  4  1
  4  1  4  1  1  0  1  1  0  1  3  1  5  1  1  1  1  5  0  2  5  1  0  0
  5  1  1  4  2  5  1  1  1  1  1  3  0  3  1  0  5  2  1  5  0  1  5  1
  0  2  2  1  0  2  4  1  2  1  1  1  5  1  1  0  2  0  2  1  1  1  1  3
  2  0  1  4  1  1  5  1  1  2  1  3  1  1  3  1  1  1  1  1  0  1  1  1
  1  1  1  4  5  1  1  1  5  1  1  1  5  1  1  5  2  1  1  0  1  0  0  1
  1  0  0  1  1  1  1  0  2  0  2  3  2  5  2  1  1  0  2  1  2  5  2  1
  3  1  1  5  4  0  1  3  5  2  5  2  2  1  5  1  5  0  3  1  1  2  1  5
  5  4  1  1  1  1  3  5  3  1  1  4  3  0  2  2  2  1  1  2  1  0  3  1
  1  4  2  5  1  1  5  3  0  4  2  5  0  1  5  1  3  1  1  5  0  1  2  1
  1  1  1  0  1  1  0  1  1  1  0  1  1  1  1  1  0  1  1  0  1  1  3  3
  1  4  1  3  0  2  0  1  1  1  0  2  2  0  1  0  0  5  0  0  3  1  5  0
  1  2  0  1  0  2  0  1  2  1  3  0  1  1  1  3  1  1  0  3  5  1  2  1
  1  5  2  5  3  1  1  5  1  1  0  1  1  1  0  1  1  5  4  1  1  0  3  1
  1  4  2  1  2  0  2  1  0  1  1  1  2  2  1  1  1  2  1  1  3  1  0  0
  1  0  1  4  5  1  1  1  2  1  5  5  1  1  0  1  3  0  1  1  0  3  2  2
  3  1  1  5  1  2  5  1  5  1  3  3  5  1  1  1  0  1  0  2  3  1  2  2
  2  5  1  1  0  5  1  1  5  2  2  4  0  2  5  4  1  5  1  5  1  2  1  5
  5  1  3  1  2  0  2  0  5  0  1  1  2  1  1  2  0  0  1  1  4  2  1  5
  1  1  1  1  1  1  2  2  1  1  1  1  4  1  0  2  5  0  3  1  5  0  2  1
  1  0  5  2  1  5  3  0  3  1  5  4  1  5  5  1  1  0  0  1  4  1  0  1
  1  5  0  0  0  2  0  1  1  1  0  1  0  1  1  1  1  3  4  2  1  5  2  2
  1  0  1  1  1  1  0  5  2  4  1  1  1  5  5  0  3  0  4  1  2  0  0  1
  5  1  4  1  3  0  3  5  3  1  4  2  5  1  1  1  2  0  2  1  1  5  1  0
  1  0  5  1  3  1  1  1  1  1  0  2  1  3  5  1  1  1  1  1  2  3  2  2
  4  5  1  0  1 -1  4  1  0  5  2  3  1  3  2  1  1  3  1  1  1  5  3  0
  1  1  0  1  2  1  5  1  2  2  1  1  0  3  3  1  1  0  0  0  1  1  1  1
  5  1  2  1  3  2  1  0  5  3  4  1  1  1  0  1  1  1  5  1  5  0  1  0
  2  0  2  1  1  1  4  1  0  2  3  2  1  5  0  1  1  1  2  5  0  1  5  1
  1  5  2  3  2  5  1  0  1  4  2  1  1  0  2  1  0  1  1  5  2  1  3  1
  1  1  5  0  3  5  1  3  1  0  1  1  2  1  5  5  2  1  3  3  5  0  0  3
  5  1  5  5  0  5  1  1  1  2  1  0  1  2  1  3  5  1  3  2  2  4  1  3
  1  1  1  1  1  1  2  2  1  1  3  2  3  3  3  1  1  1  1  1  1  1  0  1
  1  2  2  1  1  2  2  1  3  3  3  5  0  1  1  2  1  1  0  1  1  0  0  1
  0  1  5  1  0  1  1  5  1  3  0  1  5  2  1  1  4  1  3  1  1  2  5  5
  2  2  0  5  1  2  1  5  2  0  0  5  1  4  1  0  2  2  5  0  0  1  0  5
  1  2  3  0  1  2  5  1  2  1  5  2  1  5  2  4  1  4  1  5  3  1  1  1
  2  1  2  5  3  5  1  5  1  3  2  1  4  3  5  1  1  2  1  1  0  3  1  1
  1  1  2  1  2  3  5  0  4  1  1  2  0  1  1  1  1  1  3  0  1  5  0  1
  0  0  0  1  1  0  0  0  5  3  3  1  2  5  1  1  1  0  0  0  3  1  2  0
  1  1  2  1  2  0  5  1  1  1  1  2  2  1  1  1  1  1  1  1  1  1  1  1
  5  5  5  3  2  2  0  1  1 -1  0  1  1  2  4  1]"
dbscan,4,,,,,0.04181286630604272,50,0.01,correlation,4,0.8972178258518118,0.28867579640152125,6.0,correlation,0.9964087575999204,"[0 1 1 1 1 2 1 1 0 1 0 0 1 1 1 1 0 1 0 0 1 0 3 1 3 1 3 1 1 0 1 1 0 1 0 1 0
 1 1 1 1 0 0 2 0 1 0 0 0 1 1 3 2 0 1 1 1 1 1 0 0 0 1 0 0 2 1 0 0 1 0 1 0 2
 2 1 0 2 3 1 2 1 1 1 0 1 1 0 2 0 2 1 1 1 1 0 2 0 1 3 1 1 0 1 1 2 1 0 1 1 0
 1 1 1 1 1 0 1 1 1 1 1 1 3 0 1 1 1 0 1 1 1 0 1 1 0 2 1 1 0 1 0 0 1 1 0 0 1
 1 1 1 0 2 0 2 0 2 0 2 1 1 0 2 1 2 0 2 1 0 1 1 0 3 0 1 0 0 2 0 2 2 1 0 1 0
 0 0 1 1 2 1 0 0 3 1 1 1 1 0 0 0 1 1 3 0 0 2 2 2 1 1 2 1 0 0 1 1 3 2 0 1 1
 0 0 0 3 2 0 0 1 0 1 0 1 1 0 0 1 2 1 1 1 1 0 1 1 0 1 1 1 0 1 1 1 1 1 0 1 1
 0 1 1 0 0 1 3 1 0 0 2 0 1 1 1 0 2 2 0 1 0 0 0 0 0 0 1 0 0 1 2 0 1 0 2 0 1
 2 1 0 0 1 1 1 0 1 1 0 0 0 1 2 1 1 0 2 0 0 1 1 0 1 1 0 1 1 1 0 1 1 0 3 1 1
 0 0 1 1 3 2 1 2 0 2 1 0 1 1 1 2 2 1 1 1 2 1 1 0 1 0 0 1 0 1 3 0 1 1 1 2 1
 0 0 1 1 0 1 0 0 1 1 0 0 2 2 0 1 1 0 1 2 0 1 0 1 0 0 0 1 1 1 0 1 0 2 0 1 2
 2 2 0 1 1 0 0 1 1 0 2 2 3 0 2 0 3 1 0 1 0 1 2 1 0 0 1 0 1 2 0 2 0 0 0 1 1
 2 1 1 2 0 0 1 1 3 2 1 0 1 1 1 1 1 1 2 2 1 1 1 1 3 1 0 2 0 0 0 1 0 0 2 1 1
 0 0 2 1 0 0 0 0 1 0 3 1 0 0 1 1 0 0 1 3 1 0 1 1 0 0 0 0 2 0 1 1 1 0 1 0 1
 1 1 1 0 3 2 0 0 2 2 1 0 1 1 1 1 0 0 2 3 1 1 1 0 0 0 0 0 3 1 2 0 0 1 0 1 3
 1 0 0 0 0 0 1 3 2 0 1 1 1 2 0 2 1 1 0 1 0 1 0 0 1 0 1 1 1 1 1 0 2 1 0 0 1
 1 1 1 1 2 0 2 2 3 0 1 0 1 1 3 1 0 0 2 0 1 0 2 1 1 0 1 1 1 0 0 0 1 1 0 1 2
 1 0 0 2 2 1 1 0 0 0 1 1 0 0 0 1 1 1 1 0 1 2 1 0 2 1 0 0 0 3 1 1 1 0 1 1 1
 0 1 0 0 1 0 2 0 2 1 1 1 3 1 0 2 0 2 1 0 0 1 1 1 2 0 0 1 0 1 1 0 2 0 2 0 1
 0 1 3 2 1 1 0 2 1 0 1 1 0 2 1 0 1 1 1 0 0 0 0 1 0 1 0 1 1 2 1 0 0 2 1 0 0
 0 0 0 0 0 1 0 0 0 0 1 1 1 2 1 0 1 2 1 0 0 1 0 2 2 3 1 0 1 1 1 1 1 1 2 2 1
 1 0 2 0 0 0 1 1 1 1 1 1 1 0 1 1 2 2 1 1 2 0 1 0 0 0 0 0 1 1 2 1 1 0 1 1 0
 0 1 0 1 0 1 0 1 1 0 1 0 0 1 0 2 1 1 3 1 0 1 1 2 0 0 2 2 0 0 1 2 1 0 2 0 0
 0 1 3 1 0 2 2 0 0 0 1 0 0 1 2 0 0 1 2 0 1 2 1 0 2 1 0 2 3 1 3 1 0 0 1 1 1
 2 1 2 0 0 0 1 0 1 0 2 1 3 0 0 1 1 2 1 1 0 0 1 1 1 1 2 1 2 0 0 0 3 1 1 2 0
 1 1 1 1 1 0 0 1 0 0 1 0 0 0 1 1 0 0 0 0 0 0 1 2 0 1 1 1 0 0 0 0 1 2 0 1 1
 2 1 2 0 0 1 1 1 1 2 2 1 1 1 1 1 1 1 1 1 1 1 0 0 0 0 2 2 0 1 1 1 0 1 1 2 3
 1]"
dbscan,5,,,,,0.03292493324819573,50,0.01,cosine,4,0.8908783775013521,0.37280816454529275,6.0,chebyshev,0.9688455235206149,"[ 0  1  1  1  1  2  1  1  0  1  0  0  1  1  1  1  0  1  0  0  1  0  3  1
  3  1  3  1  1  0  1  1  0  1  0  1  4  1  1  1  1  4  0  2  4  1  0  0
  4  1  1  3  2  4  1  1  1  1  1  0  0  0  1  0  4  2  1  4  0  1  4  1
  0  2  2  1  0  2  3  1  2  1  1  1  4  1  1  0  2  0  2  1  1  1  1  0
  2  0  1  3  1  1  4  1  1  2  1  0  1  1  0  1  1  1  1  1  0  1  1  1
  1  1  1  3  4  1  1  1  4  1  1  1  4  1  1  4  2  1  1  0  1  0  0  1
  1  0  0  1  1  1  1  0  2  0  2  0  2  4  2  1  1  0  2  1  2  4  2  1
  0  1  1  4  3  0  1  0  4  2  4  2  2  1  4  1  4  0  0  1  1  2  1  4
  4  3  1  1  1  1  0  4  0  1  1  3  0  0  2  2  2  1  1  2  1  0  0  1
  1  3  2  4  1  1  4  0  0  3  2  4  0  1  4  1  0  1  1  4  0  1  2  1
  1  1  1  0  1  1  0  1  1  1  0  1  1  1  1  1  0  1  1  0  1  1  0  0
  1  3  1  0  0  2  0  1  1  1  0  2  2  0  1  0  0  4  0  0  0  1  4  0
  1  2  0  1  0  2  0  1  2  1  0  0  1  1  1  0  1  1  0  0  4  1  2  1
  1  4  2  4  0  1  1  4  1  1  0  1  1  1  0  1  1  4  3  1  1  0  0  1
  1  3  2  1  2  0  2  1  0  1  1  1  2  2  1  1  1  2  1  1  0  1  0  0
  1  0  1  3  4  1  1  1  2  1  4  4  1  1  0  1  0  0  1  1  0  0  2  2
  0  1  1  4  1  2  4  1  4  1  0  0  4  1  1  1  0  1  0  2  0  1  2  2
  2  4  1  1  0  4  1  1  4  2  2  3  0  2  4  3  1  4  1  4  1  2  1  4
  4  1  0  1  2  0  2  0  4  0  1  1  2  1  1  2  0  0  1  1  3  2  1  4
  1  1  1  1  1  1  2  2  1  1  1  1  3  1  0  2  4  0  0  1  4  0  2  1
  1  0  4  2  1  4  0  0  0  1  4  3  1  4  4  1  1  0  0  1  3  1  0  1
  1  4  0  0  0  2  0  1  1  1  0  1  0  1  1  1  1  0  3  2 -1  4  2  2
  1  0  1  1  1  1  0  4  2  3  1  1  1  4  4  0  0  0  3  1  2  0  0  1
  4  1  3  1  0  0  0  4  0  1  3  2  4  1  1  1  2  0  2  1  1  4  1  0
  1  0  4  1  0  1  1  1  1  1  0  2  1  0  4  1  1  1  1  1  2  0  2  2
  3  4  1  0  1 -1  3  1  0  4  2  0  1  0  2  1  1  0  1  1  1  4  0  0
  1  1  0  1  2  1  4  1  2  2  1  1  0  0  0  1  1  0  0  0  1  1  1  1
  4  1  2  1  0  2  1  0  4  0  3  1  1  1  0  1  1  1  4  1  4  0  1  0
  2  0  2  1  1  1  3  1  0  2  0  2  1  4  0  1  1  1  2  4  0  1  4  1
  1  4  2  0  2  4  1  0  1  3  2  1  1  0  2  1  0  1  1  4  2  1  0  1
  1  1  4  0  0  4  1  0  1  0  1  1  2  1  4  4  2  1  0  0  4  0  0  0
  4  1  4  4  0  4  1  1  1  2  1  0  1  2  1  0  4  1 -1  2  2  3  1  0
  1  1  1  1  1  1  2  2  1  1  0  2  0  0  0  1  1  1  1  1  1  1  0  1
  1  2  2  1  1  2  2  1  0  0  0  4  0  1  1  2  1  1  0  1  1  0  0  1
  0  1  4  1  0  1  1  4  1  0  0  1  4  2  1  1  3  1  0  1  1  2  4  4
  2  2  0  4  1  2  1  4  2  0  0  4  1  3  1  0  2  2  4  0  0  1  0  4
  1  2  0  0  1  2  4  1  2  1  4  2  1  4  2  3  1  3  1  4  0  1  1  1
  2  1  2  4  0  4  1  4  1  0  2  1  3  0  4  1  1  2  1  1  0  0  1  1
  1  1  2  1  2  0  4  0  3  1  1  2  0  1  1  1  1  1  0  0  1  4  0  1
  0  0  0  1  1  0  0  0  4  0  0  1  2  4  1  1  1  0  0  0  0  1  2  0
  1  1  2  1  2  0  4  1  1  1  1  2  2  1  1  1  1 -1  1  1  1  1  1  1
  4  4  4  0  2  2  0  1 -1 -1  0  1  1  2  3  1]"
dbscan,3,,,,,0.05283742578747677,100,0.01,correlation,4,0.8989647557386699,0.2639962315578462,6.0,correlation,0.8472959071331305,"[0 1 1 1 1 1 1 1 0 1 0 0 1 1 1 1 0 1 0 0 1 0 2 1 2 1 2 1 1 0 1 1 0 1 0 1 0
 1 1 1 1 0 0 1 0 1 0 0 0 1 1 2 1 0 1 1 1 1 1 0 0 0 1 0 0 1 1 0 0 1 0 1 0 1
 1 1 0 1 2 1 1 1 1 1 0 1 1 0 1 0 1 1 1 1 1 0 1 0 1 2 1 1 0 1 1 1 1 0 1 1 0
 1 1 1 1 1 0 1 1 1 1 1 1 2 0 1 1 1 0 1 1 1 0 1 1 0 1 1 1 0 1 0 0 1 1 0 0 1
 1 1 1 0 1 0 1 0 1 0 1 1 1 0 1 1 1 0 1 1 0 1 1 0 2 0 1 0 0 1 0 1 1 1 0 1 0
 0 0 1 1 1 1 0 0 2 1 1 1 1 0 0 0 1 1 2 0 0 1 1 1 1 1 1 1 0 0 1 1 2 1 0 1 1
 0 0 0 2 1 0 0 1 0 1 0 1 1 0 0 1 1 1 1 1 1 0 1 1 0 1 1 1 0 1 1 1 1 1 0 1 1
 0 1 1 0 0 1 2 1 0 0 1 0 1 1 1 0 1 1 0 1 0 0 0 0 0 0 1 0 0 1 1 0 1 0 1 0 1
 1 1 0 0 1 1 1 0 1 1 0 0 0 1 1 1 1 0 1 0 0 1 1 0 1 1 0 1 1 1 0 1 1 0 2 1 1
 0 0 1 1 2 1 1 1 0 1 1 0 1 1 1 1 1 1 1 1 1 1 1 0 1 0 0 1 0 1 2 0 1 1 1 1 1
 0 0 1 1 0 1 0 0 1 1 0 0 1 1 0 1 1 0 1 1 0 1 0 1 0 0 0 1 1 1 0 1 0 1 0 1 1
 1 1 0 1 1 0 0 1 1 0 1 1 2 0 1 0 2 1 0 1 0 1 1 1 0 0 1 0 1 1 0 1 0 0 0 1 1
 1 1 1 1 0 0 1 1 2 1 1 0 1 1 1 1 1 1 1 1 1 1 1 1 2 1 0 1 0 0 0 1 0 0 1 1 1
 0 0 1 1 0 0 0 0 1 0 2 1 0 0 1 1 0 0 1 2 1 0 1 1 0 0 0 0 1 0 1 1 1 0 1 0 1
 1 1 1 0 2 1 0 0 1 1 1 0 1 1 1 1 0 0 1 2 1 1 1 0 0 0 0 0 2 1 1 0 0 1 0 1 2
 1 0 0 0 0 0 1 2 1 0 1 1 1 1 0 1 1 1 0 1 0 1 0 0 1 0 1 1 1 1 1 0 1 1 0 0 1
 1 1 1 1 1 0 1 1 2 0 1 0 1 1 2 1 0 0 1 0 1 0 1 1 1 0 1 1 1 0 0 0 1 1 0 1 1
 1 0 1 1 1 1 1 0 0 0 1 1 0 0 0 1 1 1 1 0 1 1 1 0 1 1 0 0 0 2 1 1 1 0 1 1 1
 0 1 0 0 1 0 1 0 1 1 1 1 2 1 0 1 0 1 1 0 0 1 1 1 1 0 0 1 0 1 1 0 1 0 1 0 1
 0 1 2 1 1 1 0 1 1 0 1 1 0 1 1 0 1 1 1 0 0 0 0 1 0 1 0 1 1 1 1 0 0 1 1 0 0
 0 0 0 0 0 1 0 0 0 0 1 1 1 1 1 0 1 1 1 0 0 1 0 1 1 2 1 0 1 1 1 1 1 1 1 1 1
 1 0 1 0 0 0 1 1 1 1 1 1 1 0 1 1 1 1 1 1 1 0 1 0 0 0 0 0 1 1 1 1 1 0 1 1 0
 0 1 0 1 0 1 0 1 1 0 1 0 0 1 0 1 1 1 2 1 0 1 1 1 0 0 1 1 0 0 1 1 1 0 1 0 0
 0 1 2 1 0 1 1 0 0 0 1 0 0 1 1 0 0 1 1 0 1 1 1 0 1 1 0 1 2 1 2 1 0 0 1 1 1
 1 1 1 0 0 0 1 0 1 0 1 1 2 0 0 1 1 1 1 1 0 0 1 1 1 1 1 1 1 0 0 0 2 1 1 1 0
 1 1 1 1 1 0 0 1 0 0 1 0 0 0 1 1 0 0 0 0 0 0 1 1 0 1 1 1 0 0 0 0 1 1 0 1 1
 1 1 1 0 0 1 1 1 1 1 1 1 1 1 1 1 1 1 1 1 1 1 0 0 0 0 1 1 0 1 0 1 0 1 1 1 2
 1]"
dbscan,5,,,,,0.03891400079340862,100,0.01,cosine,4,0.8936811889346674,0.33014939597452897,6.0,chebyshev,0.964625208801452,"[ 0  1  1  1  1  2  1  1  0  1  0  0  1  1  1  1  0  1  0  0  1  0  3  1
  3  1  3  1  1  0  1  1  0  1  0  1  4  1  1  1  1  4  0  2  4  1  0  0
  4  1  1  3  2  4  1  1  1  1  1  0  0  0  1  0  4  2  1  4  0  1  4  1
  0  2  2  1  0  2  3  1  2  1  1  1  4  1  1  0  2  0  2  1  1  1  1  0
  2  0  1  3  1  1  4  1  1  2  1  0  1  1  0  1  1  1  1  1  0  1  1  1
  1  1  1  3  4 -1  1  1  4  1  1  1  4  1  1  4  2  1  1  0  1  0  0  1
  1  0  0  1  1  1  1  0  2  0  2  0  2  4  2  1  1  0  2  1  2  4  2  1
  0  1  1  4  3  0  1  0  4  2  4  2  2  1  4  1  4  0  0  1  1  2  1  4
  4  3  1  1  1  1  0  4  0  1  1  3  0  0  2  2  2  1  1  2  1  0  0  1
  1  3  2  4  1  1  4  0  0  3  2  4  0  1  4  1  0  1  1  4  0  1  2  1
  1  1  1  0  1  1  0  1  1  1  0  1  1  1  1  1  0  1  1  0  1  1  0  0
  1  3  1  0  0  2  0  1  1  1  0  2  2  0 -1  0  0  4  0  0  0  1  4  0
  1  2  0  1  0  2  0  1  2  1  0  0  1  1  1  0  1  1  0  0  4  1  2  1
  1  4  2  4  0  1  1  4  1  1  0  1  1  1  0  1  1  4  3  1  1  0  0  1
  1  3  2  1  2  0  2  1  0  1  1  1  2  2  1  1  1  2  1  1  0  1  0  0
  1  0  1  3  4  1  1  1  2  1  4  4  1  1  0  1  0  0  1  1  0  0  2  2
  0  1  1  4  1  2  4  1  4  1  0  0  4  1  1  1  0  1  0  2  0  1  2  2
  2  4  1  1  0  4  1  1  4  2  2  3  0  2  4  3  1  4  1  4  1  2  1  4
  4  1  0  1  2  0  2  0  4  0  1  1  2  1  1  2  0  0  1  1  3  2  1  4
  1  1  1  1  1  1  2  2  1  1  1  1  3  1  0  2  4  0  0  1  4  0  2  1
  1  0  4  2  1  4  0  0  0  1  4  3  1  4  4  1 -1  0  0  1  3  1  0  1
  1  4  0  0  0  2  0  1  1  1  0  1  0  1  1  1  1  0  3  2  4  4  2  2
  1  0  1  1  1  1  0  4  2  3  1  1  1  4  4  0  0  0  3  1  2  0  0  1
  4  1  3  1  0  0  0  4  0  1  3  2  4  1  1  1  2  0  2  1  1  4  1  0
  1  0  4  1  0  1  1  1  1  1  0  2  1  0  4  1  1  1  1  1  2  0  2  2
  3  4  1  0  1 -1  3  1  0  4  2  0  1  0  2  1  1  0  1  1  1  4  0  0
  1  1  0  1  2  1  4 -1  2  2  1  1  0  0  0  1  1  0  0  0  1  1  1  1
  4  1  2  1  0  2  1  0  4  0  3  1  1  1  0  1  1  1  4  1  4  0  1  0
  2  0  2  1  1  1  3  1  0  2  0  2  1  4  0  1  1  1  2  4  0  1  0  1
  1  4  2  0  2  4  1  0  1  3  2  1  1  0  2  1  0  1  1  4  2  1  0  1
  1  1  4  0  0  4  1  0  1  0  1  1  2  1  4  4  2  1  0  0  4  0  0  0
  4  1  4  4  0  4  1  1  1  2  1  0  1  2  1  0  4  1  0  2  2  3  1  0
  1  1  1  1  1  1  2  2  1  1  0  2  0  0  0  1  1  1  1  1  1  1  0  1
  1  2  2  1  1  2  2  1  0  0  0  4  0  1  1  2  1  1  0  1  1  0  0  1
  0  1  4  1  0  1  1  4  1  0  0  1  4  2  1  1  3  1  0  1  1  2  4  4
  2  2  0  4  1  2  1  4  2  0  0  4  1  3  1  0  2  2  4  0  0  1  0  4
  1  2  0  0  1  2  4  1  2  1  4  2  1  4  2  3  1  3  1  4  0  1  1  1
  2  1  2  4  0  4  1  4  1  0  2  1  3  0  4  1  1  2  1  1  0  0  1  1
  1  1  2  1  2  0  4  0  3  1  1  2  0  1  1  1  1  1  0  0  1  4  0  1
  0  0  0  1  1  0  0  0  4  0  0  1  2  4  1  1  1  0  0  0  0  1  2  0
 -1  1  2  1  2  0  4  1  1  1  1  2  2  1  1  1  1 -1  1  1  1  1  1  1
  4  4  4  0  2  2  0  1 -1 -1  0  1  1  2  3  1]"
dbscan,3,,,,,0.058913568087207456,200,0.01,correlation,4,0.870195568263045,0.2535954798536551,5.0,correlation,0.9911924090966846,"[0 1 1 1 1 1 1 1 0 1 0 0 1 1 1 1 0 1 0 0 1 0 2 1 2 1 2 1 1 0 1 1 0 1 0 1 0
 1 1 1 1 0 0 1 0 1 0 0 0 1 1 2 1 0 1 1 1 1 1 0 0 0 1 0 0 1 1 0 0 1 0 1 0 1
 1 1 0 1 2 1 1 1 1 1 0 1 1 0 1 0 1 1 1 1 1 0 1 0 1 2 1 1 0 1 1 1 1 0 1 1 0
 1 1 1 1 1 0 1 1 1 1 1 1 2 0 1 1 1 0 1 1 1 0 1 1 0 1 1 1 0 1 0 0 1 1 0 0 1
 1 1 1 0 1 0 1 0 1 0 1 1 1 0 1 1 1 0 1 1 0 1 1 0 2 0 1 0 0 1 0 1 1 1 0 1 0
 0 0 1 1 1 1 0 0 2 1 1 1 1 0 0 0 1 1 2 0 0 1 1 1 1 1 1 1 0 0 1 1 2 1 0 1 1
 0 0 0 2 1 0 0 1 0 1 0 1 1 0 0 1 1 1 1 1 1 0 1 1 0 1 1 1 0 1 1 1 1 1 0 1 1
 0 1 1 0 0 1 2 1 0 0 1 0 1 1 1 0 1 1 0 1 0 0 0 0 0 0 1 0 0 1 1 0 1 0 1 0 1
 1 1 0 0 1 1 1 0 1 1 0 0 0 1 1 1 1 0 1 0 0 1 1 0 1 1 0 1 1 1 0 1 1 0 2 1 1
 0 0 1 1 2 1 1 1 0 1 1 0 1 1 1 1 1 1 1 1 1 1 1 0 1 0 0 1 0 1 2 0 1 1 1 1 1
 0 0 1 1 0 1 0 0 1 1 0 0 1 1 0 1 1 0 1 1 0 1 0 1 0 0 0 1 1 1 0 1 0 1 0 1 1
 1 1 0 1 1 0 0 1 1 0 1 1 2 0 1 0 2 1 0 1 0 1 1 1 0 0 1 0 1 1 0 1 0 0 0 1 1
 1 1 1 1 0 0 1 1 2 1 1 0 1 1 1 1 1 1 1 1 1 1 1 1 2 1 0 1 0 0 0 1 0 0 1 1 1
 0 0 1 1 0 0 0 0 1 0 2 1 0 0 1 1 0 0 1 2 1 0 1 1 0 0 0 0 1 0 1 1 1 0 1 0 1
 1 1 1 0 2 1 0 0 1 1 1 0 1 1 1 1 0 0 1 2 1 1 1 0 0 0 0 0 2 1 1 0 0 1 0 1 2
 1 0 0 0 0 0 1 2 1 0 1 1 1 1 0 1 1 1 0 1 0 1 0 0 1 0 1 1 1 1 1 0 1 1 0 0 1
 1 1 1 1 1 0 1 1 2 0 1 0 1 1 2 1 0 0 1 0 1 0 1 1 1 0 1 1 1 0 0 0 1 1 0 1 1
 1 0 1 1 1 1 1 0 0 0 1 1 0 0 0 1 1 1 1 0 1 1 1 0 1 1 0 0 0 2 1 1 1 0 1 1 1
 0 1 0 0 1 0 1 0 1 1 1 1 2 1 0 1 0 1 1 0 0 1 1 1 1 0 0 1 0 1 1 0 1 0 1 0 1
 0 1 2 1 1 1 0 1 1 0 1 1 0 1 1 0 1 1 1 0 0 0 0 1 0 1 0 1 1 1 1 0 0 1 1 0 0
 0 0 0 0 0 1 0 0 0 0 1 1 1 1 1 0 1 1 1 0 0 1 0 1 1 2 1 0 1 1 1 1 1 1 1 1 1
 1 0 1 0 0 0 1 1 1 1 1 1 1 0 1 1 1 1 1 1 1 0 1 0 0 0 0 0 1 1 1 1 1 0 1 1 0
 0 1 0 1 0 1 0 1 1 0 1 0 0 1 0 1 1 1 2 1 0 1 1 1 0 0 1 1 0 0 1 1 1 0 1 0 0
 0 1 2 1 0 1 1 0 0 0 1 0 0 1 1 0 0 1 1 0 1 1 1 0 1 1 0 1 2 1 2 1 0 0 1 1 1
 1 1 1 0 0 0 1 0 1 0 1 1 2 0 0 1 1 1 1 1 0 0 1 1 1 1 1 1 1 0 0 0 2 1 1 1 0
 1 1 1 1 1 0 0 1 0 0 1 0 0 0 1 1 0 0 0 0 0 0 1 1 0 1 1 1 0 0 0 1 1 1 0 1 1
 1 1 1 0 0 1 1 1 1 1 1 1 1 1 1 1 1 1 1 1 1 1 0 0 0 0 1 1 0 1 1 1 0 1 1 1 2
 1]"
dbscan,4,,,,,0.04424377444761762,200,0.01,cosine,4,0.8989549463902787,0.3548447620430727,6.0,cosine,0.9811006222701643,"[0 1 1 1 1 2 1 1 0 1 0 0 1 1 1 1 0 1 0 0 1 0 3 1 3 1 3 1 1 0 1 1 0 1 0 1 0
 1 1 1 1 0 0 2 0 1 0 0 0 1 1 3 2 0 1 1 1 1 1 0 0 0 1 0 0 2 1 0 0 1 0 1 0 2
 2 1 0 2 3 1 2 1 1 1 0 1 1 0 2 0 2 1 1 1 1 0 2 0 1 3 1 1 0 1 1 2 1 0 1 1 0
 1 1 1 1 1 0 1 1 1 1 1 1 3 0 1 1 1 0 1 1 1 0 1 1 0 2 1 1 0 1 0 0 1 1 0 0 1
 1 1 1 0 2 0 2 0 2 0 2 1 1 0 2 1 2 0 2 1 0 1 1 0 3 0 1 0 0 2 0 2 2 1 0 1 0
 0 0 1 1 2 1 0 0 3 1 1 1 1 0 0 0 1 1 3 0 0 2 2 2 1 1 2 1 0 0 1 1 3 2 0 1 1
 0 0 0 3 2 0 0 1 0 1 0 1 1 0 0 1 2 1 1 1 1 0 1 1 0 1 1 1 0 1 1 1 1 1 0 1 1
 0 1 1 0 0 1 3 1 0 0 2 0 1 1 1 0 2 2 0 1 0 0 0 0 0 0 1 0 0 1 2 0 1 0 2 0 1
 2 1 0 0 1 1 1 0 1 1 0 0 0 1 2 1 1 0 2 0 0 1 1 0 1 1 0 1 1 1 0 1 1 0 3 1 1
 0 0 1 1 3 2 1 2 0 2 1 0 1 1 1 2 2 1 1 1 2 1 1 0 1 0 0 1 0 1 3 0 1 1 1 2 1
 0 0 1 1 0 1 0 0 1 1 0 0 2 2 0 1 1 0 1 2 0 1 0 1 0 0 0 1 1 1 0 1 0 2 0 1 2
 2 2 0 1 1 0 0 1 1 0 2 2 3 0 2 0 3 1 0 1 0 1 2 1 0 0 1 0 1 2 0 2 0 0 0 1 1
 2 1 1 2 0 0 1 1 3 2 1 0 1 1 1 1 1 1 2 2 1 1 1 1 3 1 0 2 0 0 0 1 0 0 2 1 1
 0 0 2 1 0 0 0 0 1 0 3 1 0 0 1 1 0 0 1 3 1 0 1 1 0 0 0 0 2 0 1 1 1 0 1 0 1
 1 1 1 0 3 2 0 0 2 2 1 0 1 1 1 1 0 0 2 3 1 1 1 0 0 0 0 0 3 1 2 0 0 1 0 1 3
 1 0 0 0 0 0 1 3 2 0 1 1 1 2 0 2 1 1 0 1 0 1 0 0 1 0 1 1 1 1 1 0 2 1 0 0 1
 1 1 1 1 2 0 2 2 3 0 1 0 1 1 3 1 0 0 2 0 1 0 2 1 1 0 1 1 1 0 0 0 1 1 0 1 2
 1 0 1 2 2 1 1 0 0 0 1 1 0 0 0 1 1 1 1 0 1 2 1 0 2 1 0 0 0 3 1 1 1 0 1 1 1
 0 1 0 0 1 0 2 0 2 1 1 1 3 1 0 2 0 2 1 0 0 1 1 1 2 0 0 1 0 1 1 0 2 0 2 0 1
 0 1 3 2 1 1 0 2 1 0 1 1 0 2 1 0 1 1 1 0 0 0 0 1 0 1 0 1 1 2 1 0 0 2 1 0 0
 0 0 0 0 0 1 0 0 0 0 1 1 1 2 1 0 1 2 1 0 0 1 0 2 2 3 1 0 1 1 1 1 1 1 2 2 1
 1 0 2 0 0 0 1 1 1 1 1 1 1 0 1 1 2 2 1 1 2 2 1 0 0 0 0 0 1 1 2 1 1 0 1 1 0
 0 1 0 1 0 1 0 1 1 0 1 0 0 1 0 2 1 1 3 1 0 1 1 2 0 0 2 2 0 0 1 2 1 0 2 0 0
 0 1 3 1 0 2 2 0 0 0 1 0 0 1 2 0 0 1 2 0 1 2 1 0 2 1 0 2 3 1 3 1 0 0 1 1 1
 2 1 2 0 0 0 1 0 1 0 2 1 3 0 0 1 1 2 1 1 0 0 1 1 1 1 2 1 2 0 0 0 3 1 1 2 0
 1 1 1 1 1 0 0 1 0 0 1 0 0 0 1 1 0 0 0 0 0 0 1 2 0 1 1 1 0 0 0 0 1 2 0 1 1
 2 1 2 0 0 1 1 1 1 2 2 1 1 1 1 1 1 1 1 1 1 1 0 0 0 0 2 2 0 1 1 1 0 1 1 2 3
 1]"
dbscan,5,,,,,0.06506430982029097,10,0.1,correlation,4,0.9033583544946674,0.6674278044475748,6.0,minkowski,0.8547167876185864,"[0 1 1 1 1 2 1 1 0 1 0 0 1 1 1 1 0 1 0 0 1 0 3 1 3 1 3 1 1 0 1 1 0 1 0 1 4
 1 1 1 1 4 0 2 4 1 0 0 4 1 1 3 2 4 1 1 1 1 1 0 0 0 1 0 4 2 1 4 0 1 4 1 0 2
 2 1 0 2 3 1 2 1 1 1 4 1 1 0 2 0 2 1 1 1 1 0 2 0 1 3 1 1 4 1 1 2 1 0 1 1 0
 1 1 1 1 1 0 1 1 1 1 1 1 3 4 1 1 1 4 1 1 1 4 1 1 4 2 1 1 0 1 0 0 1 1 0 0 1
 1 1 1 0 2 0 2 0 2 4 2 1 1 0 2 1 2 4 2 1 0 1 1 4 3 0 1 0 4 2 4 2 2 1 4 1 4
 0 0 1 1 2 1 4 4 3 1 1 1 1 0 4 0 1 1 3 0 4 2 2 2 1 1 2 1 0 0 1 1 3 2 4 1 1
 4 0 0 3 2 4 0 1 4 1 0 1 1 4 0 1 2 1 1 1 1 0 1 1 0 1 1 1 0 1 1 1 1 1 0 1 1
 0 1 1 0 0 1 3 1 0 0 2 0 1 1 1 0 2 2 0 1 0 0 4 0 0 0 1 4 0 1 2 0 1 0 2 0 1
 2 1 0 0 1 1 1 0 1 1 0 0 4 1 2 1 1 4 2 4 0 1 1 4 1 1 0 1 1 1 0 1 1 4 3 1 1
 0 0 1 1 3 2 1 2 0 2 1 0 1 1 1 2 2 1 1 1 2 1 1 0 1 0 0 1 0 1 3 4 1 1 1 2 1
 4 4 1 1 0 1 0 0 1 1 4 0 2 2 0 1 1 4 1 2 4 1 4 1 0 0 4 1 1 1 0 1 0 2 0 1 2
 2 2 4 1 1 0 4 1 1 4 2 2 3 0 2 4 3 1 4 1 4 1 2 1 4 4 1 0 1 2 0 2 0 4 0 1 1
 2 1 1 2 0 0 1 1 3 2 1 4 1 1 1 1 1 1 2 2 1 1 1 1 3 1 0 2 4 0 0 1 4 0 2 1 1
 0 4 2 1 4 0 0 0 1 4 3 1 4 4 1 1 0 0 1 3 1 0 1 1 4 0 0 0 2 0 1 1 1 0 1 0 1
 1 1 1 0 3 2 4 4 2 2 1 0 1 1 1 1 0 4 2 3 1 1 1 4 4 0 0 0 3 1 2 0 0 1 4 1 3
 1 0 0 0 4 0 1 3 2 4 1 1 1 2 0 2 1 1 4 1 0 1 0 4 1 0 1 1 1 1 1 0 2 1 0 4 1
 1 1 1 1 2 0 2 2 3 4 1 0 1 1 3 1 0 0 2 0 1 0 2 1 1 0 1 1 1 4 0 0 1 1 0 1 2
 1 4 4 2 2 1 1 0 0 0 1 1 0 0 0 1 1 1 1 4 1 2 1 0 2 1 0 4 0 3 1 1 1 0 1 1 1
 4 1 4 0 1 0 2 0 2 1 1 1 3 1 0 2 0 2 1 4 0 1 1 1 2 4 0 1 4 1 1 4 2 0 2 4 1
 0 1 3 2 1 1 0 2 1 0 1 1 4 2 1 0 1 1 1 4 0 0 4 1 0 1 0 1 1 2 1 4 4 2 1 0 0
 4 0 0 0 4 1 4 4 0 4 1 1 1 2 1 0 1 2 1 0 4 1 4 2 2 3 1 0 1 1 1 1 1 1 2 2 1
 1 0 2 0 0 0 1 1 1 1 1 1 1 0 1 1 2 2 1 1 2 2 1 0 0 0 4 0 1 1 2 1 1 0 1 1 0
 0 1 0 1 4 1 0 1 1 4 1 0 0 1 4 2 1 1 3 1 0 1 1 2 4 4 2 2 0 4 1 2 1 4 2 0 0
 4 1 3 1 0 2 2 4 0 0 1 0 4 1 2 0 0 1 2 4 1 2 1 4 2 1 4 2 3 1 3 1 4 0 1 1 1
 2 1 2 4 0 4 1 4 1 0 2 1 3 0 4 1 1 2 1 1 0 0 1 1 1 1 2 1 2 0 4 0 3 1 1 2 0
 1 1 1 1 1 0 0 1 4 0 1 0 0 0 1 1 0 0 0 4 0 0 1 2 4 1 1 1 0 0 0 0 1 2 0 1 1
 2 1 2 0 4 1 1 1 1 2 2 1 1 1 1 1 1 1 1 1 1 1 4 4 4 0 2 2 0 1 4 1 0 1 1 2 3
 1]"
dbscan,6,,,,,0.04271279831491352,10,0.1,cosine,4,0.89744906043677,0.49494626776640976,5.0,chebyshev,0.9132961568548148,"[0 1 1 1 1 2 1 1 0 1 3 0 1 1 1 1 0 1 3 0 1 3 4 1 4 1 4 1 1 0 1 1 0 1 3 1 5
 1 1 1 1 5 0 2 5 1 0 0 5 1 1 4 2 5 1 1 1 1 1 3 0 3 1 0 5 2 1 5 0 1 5 1 0 2
 2 1 0 2 4 1 2 1 1 1 5 1 1 0 2 0 2 1 1 1 1 3 2 0 1 4 1 1 5 1 1 2 1 3 1 1 3
 1 1 1 1 1 0 1 1 1 1 1 1 4 5 1 1 1 5 1 1 1 5 1 1 5 2 1 1 0 1 0 0 1 1 0 0 1
 1 1 1 0 2 0 2 3 2 1 2 1 1 0 2 1 2 5 2 1 3 1 1 5 4 0 1 3 5 2 5 2 2 1 5 1 5
 0 3 1 1 2 1 5 5 4 1 1 1 1 3 5 3 1 1 4 3 0 2 2 2 1 1 2 1 0 3 1 1 4 2 5 1 1
 5 3 0 4 2 5 0 1 5 1 3 1 1 5 0 1 2 1 1 1 1 0 1 1 0 1 1 1 0 1 1 1 1 1 0 1 1
 0 1 1 3 3 1 4 1 3 0 2 0 1 1 1 0 2 2 0 1 0 0 5 0 0 3 1 5 0 1 2 0 1 0 2 0 1
 2 1 3 0 1 1 1 3 1 1 0 3 5 1 2 1 1 5 2 5 3 1 1 5 1 1 0 1 1 1 0 1 1 5 4 1 1
 0 3 1 1 4 2 1 2 0 2 1 0 1 1 1 2 2 1 1 1 2 1 1 3 1 0 0 1 0 1 4 5 1 1 1 2 1
 5 5 1 1 0 1 3 0 1 1 0 3 2 2 3 1 1 5 1 2 5 1 5 1 3 3 5 1 1 1 0 1 0 2 3 1 2
 2 2 5 1 1 0 5 1 1 5 2 2 4 0 2 5 4 1 5 1 5 1 2 1 5 5 1 3 1 2 0 2 0 5 0 1 1
 2 1 1 2 0 0 1 1 4 2 1 5 1 1 1 1 1 1 2 2 1 1 1 1 4 1 0 2 5 0 3 1 5 0 2 1 1
 0 5 2 1 5 3 0 3 1 5 4 1 5 5 1 1 0 0 1 4 1 0 1 1 5 0 0 0 2 0 1 1 1 0 1 0 1
 1 1 1 3 4 2 1 5 2 2 1 0 1 1 1 1 0 1 2 4 1 1 1 5 5 0 3 0 4 1 2 0 0 1 5 1 4
 1 3 0 3 5 3 1 4 2 5 1 1 1 2 0 2 1 1 5 1 0 1 0 5 1 3 1 1 1 1 1 0 2 1 3 5 1
 1 1 1 1 2 3 2 2 4 5 1 0 1 1 4 1 0 0 2 3 1 3 2 1 1 3 1 1 1 1 3 0 1 1 0 1 2
 1 5 1 2 2 1 1 0 3 3 1 1 0 0 0 1 1 1 1 5 1 2 1 3 2 1 0 5 3 4 1 1 1 0 1 1 1
 5 1 5 0 1 0 2 0 2 1 1 1 4 1 0 2 3 2 1 5 0 1 1 1 2 5 0 1 5 1 1 5 2 3 2 5 1
 0 1 4 2 1 1 0 2 1 0 1 1 5 2 1 3 1 1 1 5 0 3 5 1 3 1 0 1 1 2 1 5 5 2 1 3 3
 5 0 0 3 5 1 5 5 0 5 1 1 1 2 1 0 1 2 1 3 5 1 1 2 2 4 1 3 1 1 1 1 1 1 2 2 1
 1 3 2 3 3 3 1 1 1 1 1 1 1 0 1 1 2 2 1 1 2 2 1 3 3 3 5 0 1 1 2 1 1 0 1 1 0
 0 1 0 1 5 1 0 1 1 5 1 3 0 1 5 2 1 1 4 1 3 1 1 2 5 5 2 2 0 5 1 2 1 5 2 0 0
 5 1 4 1 0 2 2 5 0 0 1 0 5 1 2 3 0 1 2 5 1 2 1 5 2 1 5 2 4 1 4 1 5 3 1 1 1
 2 1 2 5 3 5 1 5 1 3 2 1 4 3 5 1 1 2 1 1 0 3 1 1 1 1 2 1 2 3 5 0 4 1 1 2 0
 1 1 1 1 1 3 0 1 5 0 1 0 0 0 1 1 0 0 0 5 3 3 1 2 5 1 1 1 0 0 0 3 1 2 0 1 1
 2 1 2 0 5 1 1 1 1 2 2 1 1 1 1 1 1 1 1 1 1 1 5 5 5 3 2 2 0 1 1 1 0 1 1 2 4
 1]"
dbscan,4,,,,,0.06444809930084988,25,0.1,correlation,4,0.8970309771309771,0.571298402878133,6.0,chebyshev,0.9257888031034482,"[0 1 1 1 1 2 1 1 0 1 0 0 1 1 1 1 0 1 0 0 1 0 3 1 3 1 3 1 1 0 1 1 0 1 0 1 0
 1 1 1 1 0 0 2 0 1 0 0 0 1 1 3 2 0 1 1 1 1 1 0 0 0 1 0 0 2 1 0 0 1 0 1 0 2
 2 1 0 2 3 1 2 1 1 1 0 1 1 0 2 0 2 1 1 1 1 0 2 0 1 3 1 1 0 1 1 2 1 0 1 1 0
 1 1 1 1 1 0 1 1 1 1 1 1 3 0 1 1 1 0 1 1 1 0 1 1 0 2 1 1 0 1 0 0 1 1 0 0 1
 1 1 1 0 2 0 2 0 2 0 2 1 1 0 2 1 2 0 2 1 0 1 1 0 3 0 1 0 0 2 0 2 2 1 0 1 0
 0 0 1 1 2 1 0 0 3 1 1 1 1 0 0 0 1 1 3 0 0 2 2 2 1 1 2 1 0 0 1 1 3 2 0 1 1
 0 0 0 3 2 0 0 1 0 1 0 1 1 0 0 1 2 1 1 1 1 0 1 1 0 1 1 1 0 1 1 1 1 1 0 1 1
 0 1 1 0 0 1 3 1 0 0 2 0 1 1 1 0 2 2 0 1 0 0 0 0 0 0 1 0 0 1 2 0 1 0 2 0 1
 2 1 0 0 1 1 1 0 1 1 0 0 0 1 2 1 1 0 2 0 0 1 1 0 1 1 0 1 1 1 0 1 1 0 3 1 1
 0 0 1 1 3 2 1 2 0 2 1 0 1 1 1 2 2 1 1 1 2 1 1 0 1 0 0 1 0 1 3 0 1 1 1 2 1
 0 0 1 1 0 1 0 0 1 1 0 0 2 2 0 1 1 0 1 2 0 1 0 1 0 0 0 1 1 1 0 1 0 2 0 1 2
 2 2 0 1 1 0 0 1 1 0 2 2 3 0 2 0 3 1 0 1 0 1 2 1 0 0 1 0 1 2 0 2 0 0 0 1 1
 2 1 1 2 0 0 1 1 3 2 1 0 1 1 1 1 1 1 2 2 1 1 1 1 3 1 0 2 0 0 0 1 0 0 2 1 1
 0 0 2 1 0 0 0 0 1 0 3 1 0 0 1 1 0 0 1 3 1 0 1 1 0 0 0 0 2 0 1 1 1 0 1 0 1
 1 1 1 0 3 2 0 0 2 2 1 0 1 1 1 1 0 0 2 3 1 1 1 0 0 0 0 0 3 1 2 0 0 1 0 1 3
 1 0 0 0 0 0 1 3 2 0 1 1 1 2 0 2 1 1 0 1 0 1 0 0 1 0 1 1 1 1 1 0 2 1 0 0 1
 1 1 1 1 2 0 2 2 3 0 1 0 1 1 3 1 0 0 2 0 1 0 2 1 1 0 1 1 1 0 0 0 1 1 0 1 2
 1 0 0 2 2 1 1 0 0 0 1 1 0 0 0 1 1 1 1 0 1 2 1 0 2 1 0 0 0 3 1 1 1 0 1 1 1
 0 1 0 0 1 0 2 0 2 1 1 1 3 1 0 2 0 2 1 0 0 1 1 1 2 0 0 1 0 1 1 0 2 0 2 0 1
 0 1 3 2 1 1 0 2 1 0 1 1 0 2 1 0 1 1 1 0 0 0 0 1 0 1 0 1 1 2 1 0 0 2 1 0 0
 0 0 0 0 0 1 0 0 0 0 1 1 1 2 1 0 1 2 1 0 0 1 0 2 2 3 1 0 1 1 1 1 1 1 2 2 1
 1 0 2 0 0 0 1 1 1 1 1 1 1 0 1 1 2 2 1 1 2 0 1 0 0 0 0 0 1 1 2 1 1 0 1 1 0
 0 1 0 1 0 1 0 1 1 0 1 0 0 1 0 2 1 1 3 1 0 1 1 2 0 0 2 2 0 0 1 2 1 0 2 0 0
 0 1 3 1 0 2 2 0 0 0 1 0 0 1 2 0 0 1 2 0 1 2 1 0 2 1 0 2 3 1 3 1 0 0 1 1 1
 2 1 2 0 0 0 1 0 1 0 2 1 3 0 0 1 1 2 1 1 0 0 1 1 1 1 2 1 2 0 0 0 3 1 1 2 0
 1 1 1 1 1 0 0 1 0 0 1 0 0 0 1 1 0 0 0 0 0 0 1 2 0 1 1 1 0 0 0 0 1 2 0 1 1
 2 1 2 0 0 1 1 1 1 2 2 1 1 1 1 1 1 1 1 1 1 1 0 0 0 0 2 2 0 1 0 1 0 1 1 2 3
 1]"
dbscan,3,,,,,0.03416211991961122,25,0.1,cosine,4,0.9005443243243243,0.30473332430064753,6.0,correlation,0.9965672280598367,"[0 0 0 0 0 1 0 0 0 0 0 0 0 0 0 0 0 0 0 0 0 0 2 0 2 0 2 0 0 0 0 0 0 0 0 0 0
 0 0 0 0 0 0 1 0 0 0 0 0 0 0 2 1 0 0 0 0 0 0 0 0 0 0 0 0 1 0 0 0 0 0 0 0 1
 1 0 0 1 2 0 1 0 0 0 0 0 0 0 1 0 1 0 0 0 0 0 1 0 0 2 0 0 0 0 0 1 0 0 0 0 0
 0 0 0 0 0 0 0 0 0 0 0 0 2 0 0 0 0 0 0 0 0 0 0 0 0 1 0 0 0 0 0 0 0 0 0 0 0
 0 0 0 0 1 0 1 0 1 0 1 0 0 0 1 0 1 0 1 0 0 0 0 0 2 0 0 0 0 1 0 1 1 0 0 0 0
 0 0 0 0 1 0 0 0 2 0 0 0 0 0 0 0 0 0 2 0 0 1 1 1 0 0 1 0 0 0 0 0 2 1 0 0 0
 0 0 0 2 1 0 0 0 0 0 0 0 0 0 0 0 1 0 0 0 0 0 0 0 0 0 0 0 0 0 0 0 0 0 0 0 0
 0 0 0 0 0 0 2 0 0 0 1 0 0 0 0 0 1 1 0 0 0 0 0 0 0 0 0 0 0 0 1 0 0 0 1 0 0
 1 0 0 0 0 0 0 0 0 0 0 0 0 0 1 0 0 0 1 0 0 0 0 0 0 0 0 0 0 0 0 0 0 0 2 0 0
 0 0 0 0 2 1 0 1 0 1 0 0 0 0 0 1 1 0 0 0 1 0 0 0 0 0 0 0 0 0 2 0 0 0 0 1 0
 0 0 0 0 0 0 0 0 0 0 0 0 1 1 0 0 0 0 0 1 0 0 0 0 0 0 0 0 0 0 0 0 0 1 0 0 1
 1 1 0 0 0 0 0 0 0 0 1 1 2 0 1 0 2 0 0 0 0 0 1 0 0 0 0 0 0 1 0 1 0 0 0 0 0
 1 0 0 1 0 0 0 0 2 1 0 0 0 0 0 0 0 0 1 1 0 0 0 0 2 0 0 1 0 0 0 0 0 0 1 0 0
 0 0 1 0 0 0 0 0 0 0 2 0 0 0 0 0 0 0 0 2 0 0 0 0 0 0 0 0 1 0 0 0 0 0 0 0 0
 0 0 0 0 2 1 0 0 1 1 0 0 0 0 0 0 0 0 1 2 0 0 0 0 0 0 0 0 2 0 1 0 0 0 0 0 2
 0 0 0 0 0 0 0 2 1 0 0 0 0 1 0 1 0 0 0 0 0 0 0 0 0 0 0 0 0 0 0 0 1 0 0 0 0
 0 0 0 0 1 0 1 1 2 0 0 0 0 0 2 0 0 0 1 0 0 0 1 0 0 0 0 0 0 0 0 0 0 0 0 0 1
 0 0 0 1 1 0 0 0 0 0 0 0 0 0 0 0 0 0 0 0 0 1 0 0 1 0 0 0 0 2 0 0 0 0 0 0 0
 0 0 0 0 0 0 1 0 1 0 0 0 2 0 0 1 0 1 0 0 0 0 0 0 1 0 0 0 0 0 0 0 1 0 1 0 0
 0 0 2 1 0 0 0 1 0 0 0 0 0 1 0 0 0 0 0 0 0 0 0 0 0 0 0 0 0 1 0 0 0 1 0 0 0
 0 0 0 0 0 0 0 0 0 0 0 0 0 1 0 0 0 1 0 0 0 0 0 1 1 2 0 0 0 0 0 0 0 0 1 1 0
 0 0 1 0 0 0 0 0 0 0 0 0 0 0 0 0 1 1 0 0 1 1 0 0 0 0 0 0 0 0 1 0 0 0 0 0 0
 0 0 0 0 0 0 0 0 0 0 0 0 0 0 0 1 0 0 2 0 0 0 0 1 0 0 1 1 0 0 0 1 0 0 1 0 0
 0 0 2 0 0 1 1 0 0 0 0 0 0 0 1 0 0 0 1 0 0 1 0 0 1 0 0 1 2 0 2 0 0 0 0 0 0
 1 0 1 0 0 0 0 0 0 0 1 0 2 0 0 0 0 1 0 0 0 0 0 0 0 0 1 0 1 0 0 0 2 0 0 1 0
 0 0 0 0 0 0 0 0 0 0 0 0 0 0 0 0 0 0 0 0 0 0 0 1 0 0 0 0 0 0 0 0 0 1 0 0 0
 1 0 1 0 0 0 0 0 0 1 1 0 0 0 0 0 0 0 0 0 0 0 0 0 0 0 1 1 0 0 0 0 0 0 0 1 2
 0]"
dbscan,4,,,,,0.07114768725427263,50,0.1,correlation,4,0.8989146565711196,0.6596236960251795,6.0,chebyshev,0.9193049791110182,"[0 1 1 1 1 2 1 1 0 1 0 0 1 1 1 1 0 1 0 0 1 0 3 1 3 1 3 1 1 0 1 1 0 1 0 1 0
 1 1 1 1 0 0 2 0 1 0 0 0 1 1 3 2 0 1 1 1 1 1 0 0 0 1 0 0 2 1 0 0 1 0 1 0 2
 2 1 0 2 3 1 2 1 1 1 0 1 1 0 2 0 2 1 1 1 1 0 2 0 1 3 1 1 0 1 1 2 1 0 1 1 0
 1 1 1 1 1 0 1 1 1 1 1 1 3 0 1 1 1 0 1 1 1 0 1 1 0 2 1 1 0 1 0 0 1 1 0 0 1
 1 1 1 0 2 0 2 0 2 0 2 1 1 0 2 1 2 0 2 1 0 1 1 0 3 0 1 0 0 2 0 2 2 1 0 1 0
 0 0 1 1 2 1 0 0 3 1 1 1 1 0 0 0 1 1 3 0 0 2 2 2 1 1 2 1 0 0 1 1 3 2 0 1 1
 0 0 0 3 2 0 0 1 0 1 0 1 1 0 0 1 2 1 1 1 1 0 1 1 0 1 1 1 0 1 1 1 1 1 0 1 1
 0 1 1 0 0 1 3 1 0 0 2 0 1 1 1 0 2 2 0 1 0 0 0 0 0 0 1 0 0 1 2 0 1 0 2 0 1
 2 1 0 0 1 1 1 0 1 1 0 0 0 1 2 1 1 0 2 0 0 1 1 0 1 1 0 1 1 1 0 1 1 0 3 1 1
 0 0 1 1 3 2 1 2 0 2 1 0 1 1 1 2 2 1 1 1 2 1 1 0 1 0 0 1 0 1 3 0 1 1 1 2 1
 0 0 1 1 0 1 0 0 1 1 0 0 2 2 0 1 1 0 1 2 0 1 0 1 0 0 0 1 1 1 0 1 0 2 0 1 2
 2 2 0 1 1 0 0 1 1 0 2 2 3 0 2 0 3 1 0 1 0 1 2 1 0 0 1 0 1 2 0 2 0 0 0 1 1
 2 1 1 2 0 0 1 1 3 2 1 0 1 1 1 1 1 1 2 2 1 1 1 1 3 1 0 2 0 0 0 1 0 0 2 1 1
 0 0 2 1 0 0 0 0 1 0 3 1 0 0 1 1 0 0 1 3 1 0 1 1 0 0 0 0 2 0 1 1 1 0 1 0 1
 1 1 1 0 3 2 0 0 2 2 1 0 1 1 1 1 0 0 2 3 1 1 1 0 0 0 0 0 3 1 2 0 0 1 0 1 3
 1 0 0 0 0 0 1 3 2 0 1 1 1 2 0 2 1 1 0 1 0 1 0 0 1 0 1 1 1 1 1 0 2 1 0 0 1
 1 1 1 1 2 0 2 2 3 0 1 0 1 1 3 1 0 0 2 0 1 0 2 1 1 0 1 1 1 0 0 0 1 1 0 1 2
 1 0 0 2 2 1 1 0 0 0 1 1 0 0 0 1 1 1 1 0 1 2 1 0 2 1 0 0 0 3 1 1 1 0 1 1 1
 0 1 0 0 1 0 2 0 2 1 1 1 3 1 0 2 0 2 1 0 0 1 1 1 2 0 0 1 0 1 1 0 2 0 2 0 1
 0 1 3 2 1 1 0 2 1 0 1 1 0 2 1 0 1 1 1 0 0 0 0 1 0 1 0 1 1 2 1 0 0 2 1 0 0
 0 0 0 0 0 1 0 0 0 0 1 1 1 2 1 0 1 2 1 0 0 1 0 2 2 3 1 0 1 1 1 1 1 1 2 2 1
 1 0 2 0 0 0 1 1 1 1 1 1 1 0 1 1 2 2 1 1 2 0 1 0 0 0 0 0 1 1 2 1 1 0 1 1 0
 0 1 0 1 0 1 0 1 1 0 1 0 0 1 0 2 1 1 3 1 0 1 1 2 0 0 2 2 0 0 1 2 1 0 2 0 0
 0 1 3 1 0 2 2 0 0 0 1 0 0 1 2 0 0 1 2 0 1 2 1 0 2 1 0 2 3 1 3 1 0 0 1 1 1
 2 1 2 0 0 0 1 0 1 0 2 1 3 0 0 1 1 2 1 1 0 0 1 1 1 1 2 1 2 0 0 0 3 1 1 2 0
 1 1 1 1 1 0 0 1 0 0 1 0 0 0 1 1 0 0 0 0 0 0 1 2 0 1 1 1 0 0 0 0 1 2 0 1 1
 2 1 2 0 0 1 1 1 1 2 2 1 1 1 1 1 1 1 1 1 1 1 0 0 0 0 2 2 0 1 1 1 0 1 1 2 3
 1]"
dbscan,5,,,,,0.0427623248882376,50,0.1,cosine,4,0.9029269010275824,0.6990668301720667,6.0,manhattan,0.951230836547714,"[ 0  1  1  1  1  2  1  1  0  1  0  0  1  1  1  1  0  1  0  0  1  0  3  1
  3  1  3  1  1  0  1  1  0  1  0  1  4  1  1  1  1  4  0  2  4  1  0  0
  4  1  1  3  2  4  1  1  1  1  1  0  0  0  1  0  4  2  1  4  0  1  4  1
  0  2  2  1  0  2  3  1  2  1  1  1  4  1  1  0  2  0  2  1  1  1  1  0
  2  0  1  3  1  1  4  1  1  2  1  0  1  1  0  1  1  1  1  1  0  1  1  1
  1  1  1  3  4  1  1  1  4  1  1  1  4  1  1  4  2  1  1  0  1  0  0  1
  1  0  0  1  1  1  1  0  2  0  2  0  2  4  2  1  1  0  2  1  2  4  2  1
  0  1  1  4  3  0  1  0  4  2  4  2  2  1  4  1  4  0  0  1  1  2  1  4
  4  3  1  1  1  1  0  4  0  1  1  3  0  0  2  2  2  1  1  2  1  0  0  1
  1  3  2  4  1  1  4  0  0  3  2  4  0  1  4  1  0  1  1  4  0  1  2  1
  1  1  1  0  1  1  0  1  1  1  0  1  1  1  1  1  0  1  1  0  1  1  0  0
  1  3  1  0  0  2  0  1  1  1  0  2  2  0  1  0  0  4  0  0  0  1  4  0
  1  2  0  1  0  2  0  1  2  1  0  0  1  1  1  0  1  1  0  0  4  1  2  1
  1  4  2  4  0  1  1  4  1  1  0  1  1  1  0  1  1  4  3  1  1  0  0  1
  1  3  2  1  2  0  2  1  0  1  1  1  2  2  1  1  1  2  1  1  0  1  0  0
  1  0  1  3  4  1  1  1  2  1  4  4  1  1  0  1  0  0  1  1  0  0  2  2
  0  1  1  4  1  2  4  1  4  1  0  0  4  1  1  1  0  1  0  2  0  1  2  2
  2  4  1  1  0  4  1  1  4  2  2  3  0  2  4  3  1  4  1  4  1  2  1  4
  4  1  0  1  2  0  2  0  4  0  1  1  2  1  1  2  0  0  1  1  3  2  1  4
  1  1  1  1  1  1  2  2  1  1  1  1  3  1  0  2  4  0  0  1  4  0  2  1
  1  0  4  2  1  4  0  0  0  1  4  3  1  4  4  1  1  0  0  1  3  1  0  1
  1  4  0  0  0  2  0  1  1  1  0  1  0  1  1  1  1  0  3  2 -1  4  2  2
  1  0  1  1  1  1  0  4  2  3  1  1  1  4  4  0  0  0  3  1  2  0  0  1
  4  1  3  1  0  0  0  4  0  1  3  2  4  1  1  1  2  0  2  1  1  4  1  0
  1  0  4  1  0  1  1  1  1  1  0  2  1  0  4  1  1  1  1  1  2  0  2  2
  3  4  1  0  1 -1  3  1  0  0  2  0  1  0  2  1  1  0  1  1  1  4  0  0
  1  1  0  1  2  1  4 -1  2  2  1  1  0  0  0  1  1  0  0  0  1  1  1  1
  4  1  2  1  0  2  1  0  4  0  3  1  1  1  0  1  1  1  4  1  4  0  1  0
  2  0  2  1  1  1  3  1  0  2  0  2  1  4  0  1  1  1  2  4  0  1  4  1
  1  4  2  0  2  4  1  0  1  3  2  1  1  0  2  1  0  1  1  4  2  1  0  1
  1  1  4  0  0  4  1  0  1  0  1  1  2  1  4  4  2  1  0  0  4  0  0  0
  4  1  4  4  0  4  1  1  1  2  1  0  1  2  1  0  4  1  0  2  2  3  1  0
  1  1  1  1  1  1  2  2  1  1  0  2  0  0  0  1  1  1  1  1  1  1  0  1
  1  2  2  1  1  2  2  1  0  0  0  4  0  1  1  2  1  1  0  1  1  0  0  1
  0  1  4  1  0  1  1  4  1  0  0  1  4  2  1  1  3  1  0  1  1  2  4  4
  2  2  0  4  1  2  1  4  2  0  0  4  1  3  1  0  2  2  4  0  0  1  0  4
  1  2  0  0  1  2  4  1  2  1  4  2  1  4  2  3  1  3  1  4  0  1  1  1
  2  1  2  4  0  4  1  4  1  0  2  1  3  0  4  1  1  2  1  1  0  0  1  1
  1  1  2  1  2  0  4  0  3  1  1  2  0  1  1  1  1  1  0  0  1  4  0  1
  0  0  0  1  1  0  0  0  4  0  0  1  2  4  1  1  1  0  0  0  0  1  2  0
  1  1  2  1  2  0  4  1  1  1  1  2  2  1  1  1  1 -1  1  1  1  1  1  1
  4  4  4  0  2  2  0  1 -1 -1  0  1  1  2  3  1]"
dbscan,4,,,,,0.06399379365586404,100,0.1,correlation,4,0.8988070982931136,0.5344395451965471,6.0,chebyshev,0.8886604786393869,"[0 1 1 1 1 2 1 1 0 1 0 0 1 1 1 1 0 1 0 0 1 0 3 1 3 1 3 1 1 0 1 1 0 1 0 1 0
 1 1 1 1 0 0 2 0 1 0 0 0 1 1 3 2 0 1 1 1 1 1 0 0 0 1 0 0 2 1 0 0 1 0 1 0 2
 2 1 0 2 3 1 2 1 1 1 0 1 1 0 2 0 2 1 1 1 1 0 2 0 1 3 1 1 0 1 1 2 1 0 1 1 0
 1 1 1 1 1 0 1 1 1 1 1 1 3 0 1 1 1 0 1 1 1 0 1 1 0 2 1 1 0 1 0 0 1 1 0 0 1
 1 1 1 0 2 0 2 0 2 0 2 1 1 0 2 1 2 0 2 1 0 1 1 0 3 0 1 0 0 2 0 2 2 1 0 1 0
 0 0 1 1 2 1 0 0 3 1 1 1 1 0 0 0 1 1 3 0 0 2 2 2 1 1 2 1 0 0 1 1 3 2 0 1 1
 0 0 0 3 2 0 0 1 0 1 0 1 1 0 0 1 2 1 1 1 1 0 1 1 0 1 1 1 0 1 1 1 1 1 0 1 1
 0 1 1 0 0 1 3 1 0 0 2 0 1 1 1 0 2 2 0 1 0 0 0 0 0 0 1 0 0 1 2 0 1 0 2 0 1
 2 1 0 0 1 1 1 0 1 1 0 0 0 1 2 1 1 0 2 0 0 1 1 0 1 1 0 1 1 1 0 1 1 0 3 1 1
 0 0 1 1 3 2 1 2 0 2 1 0 1 1 1 2 2 1 1 1 2 1 1 0 1 0 0 1 0 1 3 0 1 1 1 2 1
 0 0 1 1 0 1 0 0 1 1 0 0 2 2 0 1 1 0 1 2 0 1 0 1 0 0 0 1 1 1 0 1 0 2 0 1 2
 2 2 0 1 1 0 0 1 1 0 2 2 3 0 2 0 3 1 0 1 0 1 2 1 0 0 1 0 1 2 0 2 0 0 0 1 1
 2 1 1 2 0 0 1 1 3 2 1 0 1 1 1 1 1 1 2 2 1 1 1 1 3 1 0 2 0 0 0 1 0 0 2 1 1
 0 0 2 1 0 0 0 0 1 0 3 1 0 0 1 1 0 0 1 3 1 0 1 1 0 0 0 0 2 0 1 1 1 0 1 0 1
 1 1 1 0 3 2 0 0 2 2 1 0 1 1 1 1 0 0 2 3 1 1 1 0 0 0 0 0 3 1 2 0 0 1 0 1 3
 1 0 0 0 0 0 1 3 2 0 1 1 1 2 0 2 1 1 0 1 0 1 0 0 1 0 1 1 1 1 1 0 2 1 0 0 1
 1 1 1 1 2 0 2 2 3 0 1 0 1 1 3 1 0 0 2 0 1 0 2 1 1 0 1 1 1 0 0 0 1 1 0 1 2
 1 0 1 2 2 1 1 0 0 0 1 1 0 0 0 1 1 1 1 0 1 2 1 0 2 1 0 0 0 3 1 1 1 0 1 1 1
 0 1 0 0 1 0 2 0 2 1 1 1 3 1 0 2 0 2 1 0 0 1 1 1 2 0 0 1 0 1 1 1 2 0 2 0 1
 0 1 3 2 1 1 0 2 1 0 1 1 0 2 1 0 1 1 1 0 0 0 0 1 0 1 0 1 1 2 1 0 0 2 1 0 0
 0 0 0 0 0 1 0 0 0 0 1 1 1 2 1 0 1 2 1 0 0 1 0 2 2 3 1 0 1 1 1 1 1 1 2 2 1
 1 0 2 0 0 0 1 1 1 1 1 1 1 0 1 1 2 2 1 1 2 0 1 0 0 0 0 0 1 1 2 1 1 0 1 1 0
 0 1 0 1 0 1 0 1 1 0 1 0 0 1 1 2 1 1 3 1 0 1 1 2 0 0 2 2 0 0 1 2 1 0 2 0 0
 0 1 3 1 0 2 2 0 0 0 1 0 0 1 2 0 0 1 2 0 1 2 1 0 2 1 1 2 3 1 3 1 0 0 1 1 1
 2 1 2 0 0 0 1 0 1 0 2 1 3 0 0 1 1 2 1 1 0 0 1 1 1 1 2 1 2 0 0 0 3 1 1 2 0
 1 1 1 1 1 0 0 1 0 0 1 0 0 0 1 1 0 0 0 0 0 0 1 2 0 1 1 1 0 0 0 0 1 2 0 1 1
 2 1 2 0 0 1 1 1 1 2 2 1 1 1 1 1 1 1 1 1 1 1 0 0 0 0 2 2 0 1 0 1 0 1 1 2 3
 1]"
dbscan,3,,,,,0.04772015610550556,100,0.1,cosine,4,0.8942610241318423,0.38084743302085955,6.0,cosine,0.9928412587523955,"[0 0 0 0 0 1 0 0 0 0 0 0 0 0 0 0 0 0 0 0 0 0 2 0 2 0 2 0 0 0 0 0 0 0 0 0 0
 0 0 0 0 0 0 1 0 0 0 0 0 0 0 2 1 0 0 0 0 0 0 0 0 0 0 0 0 1 0 0 0 0 0 0 0 1
 1 0 0 1 2 0 1 0 0 0 0 0 0 0 1 0 1 0 0 0 0 0 1 0 0 2 0 0 0 0 0 1 0 0 0 0 0
 0 0 0 0 0 0 0 0 0 0 0 0 2 0 0 0 0 0 0 0 0 0 0 0 0 1 0 0 0 0 0 0 0 0 0 0 0
 0 0 0 0 1 0 1 0 1 0 1 0 0 0 1 0 1 0 1 0 0 0 0 0 2 0 0 0 0 1 0 1 1 0 0 0 0
 0 0 0 0 1 0 0 0 2 0 0 0 0 0 0 0 0 0 2 0 0 1 1 1 0 0 1 0 0 0 0 0 2 1 0 0 0
 0 0 0 2 1 0 0 0 0 0 0 0 0 0 0 0 1 0 0 0 0 0 0 0 0 0 0 0 0 0 0 0 0 0 0 0 0
 0 0 0 0 0 0 2 0 0 0 1 0 0 0 0 0 1 1 0 0 0 0 0 0 0 0 0 0 0 0 1 0 0 0 1 0 0
 1 0 0 0 0 0 0 0 0 0 0 0 0 0 1 0 0 0 1 0 0 0 0 0 0 0 0 0 0 0 0 0 0 0 2 0 0
 0 0 0 0 2 1 0 1 0 1 0 0 0 0 0 1 1 0 0 0 1 0 0 0 0 0 0 0 0 0 2 0 0 0 0 1 0
 0 0 0 0 0 0 0 0 0 0 0 0 1 1 0 0 0 0 0 1 0 0 0 0 0 0 0 0 0 0 0 0 0 1 0 0 1
 1 1 0 0 0 0 0 0 0 0 1 1 2 0 1 0 2 0 0 0 0 0 1 0 0 0 0 0 0 1 0 1 0 0 0 0 0
 1 0 0 1 0 0 0 0 2 1 0 0 0 0 0 0 0 0 1 1 0 0 0 0 2 0 0 1 0 0 0 0 0 0 1 0 0
 0 0 1 0 0 0 0 0 0 0 2 0 0 0 0 0 0 0 0 2 0 0 0 0 0 0 0 0 1 0 0 0 0 0 0 0 0
 0 0 0 0 2 1 0 0 1 1 0 0 0 0 0 0 0 0 1 2 0 0 0 0 0 0 0 0 2 0 1 0 0 0 0 0 2
 0 0 0 0 0 0 0 2 1 0 0 0 0 1 0 1 0 0 0 0 0 0 0 0 0 0 0 0 0 0 0 0 1 0 0 0 0
 0 0 0 0 1 0 1 1 2 0 0 0 0 0 2 0 0 0 1 0 0 0 1 0 0 0 0 0 0 0 0 0 0 0 0 0 1
 0 0 0 1 1 0 0 0 0 0 0 0 0 0 0 0 0 0 0 0 0 1 0 0 1 0 0 0 0 2 0 0 0 0 0 0 0
 0 0 0 0 0 0 1 0 1 0 0 0 2 0 0 1 0 1 0 0 0 0 0 0 1 0 0 0 0 0 0 0 1 0 1 0 0
 0 0 2 1 0 0 0 1 0 0 0 0 0 1 0 0 0 0 0 0 0 0 0 0 0 0 0 0 0 1 0 0 0 1 0 0 0
 0 0 0 0 0 0 0 0 0 0 0 0 0 1 0 0 0 1 0 0 0 0 0 1 1 2 0 0 0 0 0 0 0 0 1 1 0
 0 0 1 0 0 0 0 0 0 0 0 0 0 0 0 0 1 1 0 0 1 1 0 0 0 0 0 0 0 0 1 0 0 0 0 0 0
 0 0 0 0 0 0 0 0 0 0 0 0 0 0 0 1 0 0 2 0 0 0 0 1 0 0 1 1 0 0 0 1 0 0 1 0 0
 0 0 2 0 0 1 1 0 0 0 0 0 0 0 1 0 0 0 1 0 0 1 0 0 1 0 0 1 2 0 2 0 0 0 0 0 0
 1 0 1 0 0 0 0 0 0 0 1 0 2 0 0 0 0 1 0 0 0 0 0 0 0 0 1 0 1 0 0 0 2 0 0 1 0
 0 0 0 0 0 0 0 0 0 0 0 0 0 0 0 0 0 0 0 0 0 0 0 1 0 0 0 0 0 0 0 0 0 1 0 0 0
 1 0 1 0 0 0 0 0 0 1 1 0 0 0 0 0 0 0 0 0 0 0 0 0 0 0 1 1 0 0 0 0 0 0 0 1 2
 0]"
dbscan,4,,,,,0.06792038923981769,200,0.1,correlation,4,0.867823881343817,0.6345393491367896,5.0,chebyshev,0.8475502912358107,"[0 1 1 1 1 2 1 1 0 1 0 0 1 1 1 1 0 1 0 0 1 0 3 1 3 1 3 1 1 0 1 1 0 1 0 1 0
 1 1 1 1 0 0 2 0 1 0 0 0 1 1 3 2 0 1 1 1 1 1 0 0 0 1 0 0 2 1 0 0 1 0 1 0 2
 2 1 0 2 3 1 2 1 1 1 0 1 1 0 2 0 2 1 1 1 1 0 2 0 1 3 1 1 0 1 1 2 1 0 1 1 0
 1 1 1 1 1 0 1 1 1 1 1 1 3 0 1 1 1 0 1 1 1 0 1 1 0 2 1 1 0 1 0 0 1 1 0 0 1
 1 1 1 0 2 0 2 0 2 0 2 1 1 0 2 1 2 0 2 1 0 1 1 0 3 0 1 0 0 2 0 2 2 1 0 1 0
 0 0 1 1 2 1 0 0 3 1 1 1 1 0 0 0 1 1 3 0 0 2 2 2 1 1 2 1 0 0 1 1 3 2 0 1 1
 0 0 0 3 2 0 0 1 0 1 0 1 1 0 0 1 2 1 1 1 1 0 1 1 0 1 1 1 0 1 1 1 1 1 0 1 1
 0 1 1 0 0 1 3 1 0 0 2 0 1 1 1 0 2 2 0 1 0 0 0 0 0 0 1 0 0 1 2 0 1 0 2 0 1
 2 1 0 0 1 1 1 0 1 1 0 0 0 1 2 1 1 0 2 0 0 1 1 0 1 1 0 1 1 1 0 1 1 0 3 1 1
 0 0 1 1 3 2 1 2 0 2 1 0 1 1 1 2 2 1 1 1 2 1 1 0 1 0 0 1 0 1 3 0 1 1 1 2 1
 0 0 1 1 0 1 0 0 1 1 0 0 2 2 0 1 1 0 1 2 0 1 0 1 0 0 0 1 1 1 0 1 0 2 0 1 2
 2 2 0 1 1 0 0 1 1 0 2 2 3 0 2 0 3 1 0 1 0 1 2 1 0 0 1 0 1 2 0 2 0 0 0 1 1
 2 1 1 2 0 0 1 1 3 2 1 0 1 1 1 1 1 1 2 2 1 1 1 1 3 1 0 2 0 0 0 1 0 0 2 1 1
 0 0 2 1 0 0 0 0 1 0 3 1 0 0 1 1 0 0 1 3 1 0 1 1 0 0 0 0 2 0 1 1 1 0 1 0 1
 1 1 1 0 3 2 0 0 2 2 1 0 1 1 1 1 0 0 2 3 1 1 1 0 0 0 0 0 3 1 2 0 0 1 0 1 3
 1 0 0 0 0 0 1 3 2 0 1 1 1 2 0 2 1 1 0 1 0 1 0 0 1 0 1 1 1 1 1 0 2 1 0 0 1
 1 1 1 1 2 0 2 2 3 0 1 0 1 1 3 1 0 0 2 0 1 0 2 1 1 0 1 1 1 0 0 0 1 1 0 1 2
 1 0 1 2 2 1 1 0 0 0 1 1 0 0 0 1 1 1 1 0 1 2 1 0 2 1 0 0 0 3 1 1 1 0 1 1 1
 0 1 0 0 1 0 2 0 2 1 1 1 3 1 0 2 0 2 1 0 0 1 1 1 2 0 0 1 0 1 1 1 2 0 2 0 1
 0 1 3 2 1 1 0 2 1 0 1 1 0 2 1 0 1 1 1 0 0 0 0 1 0 1 0 1 1 2 1 0 0 2 1 0 0
 0 0 0 0 0 1 0 0 0 0 1 1 1 2 1 0 1 2 1 0 0 1 1 2 2 3 1 0 1 1 1 1 1 1 2 2 1
 1 0 2 0 0 0 1 1 1 1 1 1 1 0 1 1 2 2 1 1 2 0 1 0 0 0 0 0 1 1 2 1 1 0 1 1 0
 0 1 0 1 0 1 0 1 1 0 1 0 0 1 1 2 1 1 3 1 0 1 1 2 0 0 2 2 0 0 1 2 1 0 2 0 0
 0 1 3 1 0 2 2 0 0 0 1 0 0 1 2 0 0 1 2 0 1 2 1 0 2 1 1 2 3 1 3 1 0 0 1 1 1
 2 1 2 0 0 0 1 0 1 0 2 1 3 0 0 1 1 2 1 1 0 0 1 1 1 1 2 1 2 0 0 0 3 1 1 2 0
 1 1 1 1 1 0 0 1 0 0 1 0 0 0 1 1 0 0 0 0 0 0 1 2 0 1 1 1 0 0 0 1 1 2 0 1 1
 2 1 2 0 0 1 1 1 1 2 2 1 1 1 1 1 1 1 1 1 1 1 0 0 0 0 2 2 0 1 1 1 0 1 1 2 3
 1]"
dbscan,5,,,,,0.06147779701240426,200,0.1,cosine,4,0.8865177483917084,0.3925413606948165,6.0,chebyshev,0.9425209015938709,"[ 0  1  1  1  1  2  1  1  0  1  0  0  1  1  1  1  0  1  0  0  1  0  3  1
  3  1  3  1  1  0  1  1  0  1  0  1  4  1  1  1  1  4  0  2  4  1  0  0
  4  1  1  3  2  4  1  1  1  1  1  0  0  0  1  0  4  2  1  4  0  1  4  1
  0  2  2  1  0  2  3  1  2  1  1  1  4  1  1  0  2  0  2  1  1  1  1  0
  2  0  1  3  1  1  4  1  1  2  1  0  1  1  0  1  1  1  1  1  0  1  1  1
  1  1  1  3  4 -1  1  1  4  1  1  1  4  1  1  4  2  1  1  0  1  0  0  1
  1  0  0  1  1  1  1  0  2  0  2  0  2  4  2  1  1  0  2  1  2  4  2  1
  0  1  1  4  3  0  1  0  4  2  4  2  2  1  4  1  4  0  0  1  1  2  1  4
  4  3  1  1  1  1  0  4  0  1  1  3  0  0  2  2  2  1  1  2  1  0  0  1
  1  3  2  4  1  1  4  0  0  3  2  4  0  1  4  1  0  1  1  4  0  1  2  1
  1  1  1  0  1  1  0  1  1  1  0  1  1  1  1  1  0  1  1  0  1  1  0  0
  1  3  1  0  0  2  0  1  1  1  0  2  2  0 -1  0  0  4  0  0  0  1  4  0
  1  2  0  1  0  2  0  1  2  1  0  0  1  1  1  0  1  1  0  0  4  1  2  1
  1  4  2  4  0  1  1  4  1  1  0  1  1  1  0  1  1  4  3  1  1  0  0  1
  1  3  2  1  2  0  2  1  0  1  1  1  2  2  1  1  1  2  1  1  0  1  0  0
  1  0  1  3  4  1  1  1  2  1  4  4  1  1  0  1  0  0  1  1  0  0  2  2
  0  1  1  4  1  2  4  1  4  1  0  0  4  1  1  1  0  1  0  2  0  1  2  2
  2  0  1  1  0  4  1  1  4  2  2  3  0  2  4  3  1  4  1  4  1  2  1  4
  4  1  0  1  2  0  2  0  4  0  1  1  2  1  1  2  0  0  1  1  3  2  1  4
  1  1  1  1  1  1  2  2  1  1  1  1  3  1  0  2  4  0  0  1  4  0  2  1
  1  0  4  2  1  4  0  0  0  1  4  3  1  4  4  1 -1  0  0  1  3  1  0  1
  1  4  0  0  0  2  0  1  1  1  0  1  0  1  1  1  1  0  3  2  4  4  2  2
  1  0  1  1  1  1  0  4  2  3  1  1  1  4  4  0  0  0  3  1  2  0  0  1
  4  1  3  1  0  0  0  4  0  1  3  2  4  1  1  1  2  0  2  1  1  4  1  0
  1  0  4  1  0  1  1  1  1  1  0  2  1  0  4  1  1  1  1  1  2  0  2  2
  3  4  1  0  1 -1  3  1  0  4  2  0  1  0  2  1  1  0  1  1  1  4  0  0
  1  1  0  1  2  1  4 -1  2  2  1  1  0  0  0  1  1  0  0  0  1  1  1  1
  4  1  2  1  0  2  1  0  4  0  3  1  1  1  0  1  1  1  4  1  4  0  1  0
  2  0  2  1  1  1  3  1  0  2  0  2  1  4  0  1  1  1  2  4  0  1  0  1
  1  4  2  0  2  4  1  0  1  3  2  1  1  0  2  1  0  1  1  4  2  1  0  1
  1  1  4  0  0  4  1  0  1  0  1  1  2  1  4  4  2  1  0  0  4  0  0  0
  4  1  4  4  0  4  1  1  1  2  1  0  1  2  1  0  4  1 -1  2  2  3  1  0
  1  1  1  1  1  1  2  2  1  1  0  2  0  0  0  1  1  1  1  1  1  1  0  1
  1  2  2  1  1  2  2  1  0  0  0  4  0  1  1  2  1  1  0  1  1  0  0  1
  0  1  4  1  0  1  1  4  1  0  0  1  4  2  1  1  3  1  0  1  1  2  4  4
  2  2  0  4  1  2  1  4  2  0  0  4  1  3  1  0  2  2  4  0  0  1  0  4
  1  2  0  0  1  2  4  1  2  1  4  2  1  4  2  3  1  3  1  4  0  1  1  1
  2  1  2  4  0  4  1  4  1  0  2  1  3  0  4  1  1  2  1  1  0  0  1  1
  1  1  2  1  2  0  4  0  3  1  1  2  0  1  1  1  1  1  0  0  1  4  0  1
  0  0  0  1  1  0  0  0  4  0  0  1  2  4  1  1  1  0  0  0  0  1  2  0
 -1  1  2  1  2  0  4  1  1  1  1  2  2  1  1  1  1 -1  1  1  1  1  1  1
  4  4  4  0  2  2  0  1 -1 -1  0  1  1  2  3  1]"
dbscan,4,,,,,0.1601450218590522,10,0.5,correlation,4,0.9046920264093449,0.8537709331366486,6.0,chebyshev,0.6901553785137553,"[0 1 1 1 1 2 1 1 0 1 0 0 1 1 1 1 0 1 0 0 1 0 3 1 3 1 3 1 1 0 1 1 0 1 0 1 0
 1 1 1 1 0 0 2 0 1 0 0 0 1 1 3 2 0 1 1 1 1 1 0 0 0 1 0 0 2 1 0 0 1 0 1 0 2
 2 1 0 2 3 1 2 1 1 1 0 1 1 0 2 0 2 1 1 1 1 0 2 0 1 3 1 1 0 1 1 2 1 0 1 1 0
 1 1 1 1 1 0 1 1 1 1 1 1 3 0 1 1 1 0 1 1 1 0 1 1 0 2 1 1 0 1 0 0 1 1 0 0 1
 1 1 1 0 2 0 2 0 2 0 2 1 1 0 2 1 2 0 2 1 0 1 1 0 3 0 1 0 0 2 0 2 2 1 0 1 0
 0 0 1 1 2 1 0 0 3 1 1 1 1 0 0 0 1 1 3 0 0 2 2 2 1 1 2 1 0 0 1 1 3 2 0 1 1
 0 0 0 3 2 0 0 1 0 1 0 1 1 0 0 1 2 1 1 1 1 0 1 1 0 1 1 1 0 1 1 1 1 1 0 1 1
 0 1 1 0 0 1 3 1 0 0 2 0 1 1 1 0 2 2 0 1 0 0 0 0 0 0 1 0 0 1 2 0 1 0 2 0 1
 2 1 0 0 1 1 1 0 1 1 0 0 0 1 2 1 1 0 2 0 0 1 1 0 1 1 0 1 1 1 0 1 1 0 3 1 1
 0 0 1 1 3 2 1 2 0 2 1 0 1 1 1 2 2 1 1 1 2 1 1 0 1 0 0 1 0 1 3 0 1 1 1 2 1
 0 0 1 1 0 1 0 0 1 1 0 0 2 2 0 1 1 0 1 2 0 1 0 1 0 0 0 1 1 1 0 1 0 2 0 1 2
 2 2 0 1 1 0 0 1 1 0 2 2 3 0 2 0 3 1 0 1 0 1 2 1 0 0 1 0 1 2 0 2 0 0 0 1 1
 2 1 1 2 0 0 1 1 3 2 1 0 1 1 1 1 1 1 2 2 1 1 1 1 3 1 0 2 0 0 0 1 0 0 2 1 1
 0 0 2 1 0 0 0 0 1 0 3 1 0 0 1 1 0 0 1 3 1 0 1 1 0 0 0 0 2 0 1 1 1 0 1 0 1
 1 1 1 0 3 2 0 0 2 2 1 0 1 1 1 1 0 0 2 3 1 1 1 0 0 0 0 0 3 1 2 0 0 1 0 1 3
 1 0 0 0 0 0 1 3 2 0 1 1 1 2 0 2 1 1 0 1 0 1 0 0 1 0 1 1 1 1 1 0 2 1 0 0 1
 1 1 1 1 2 0 2 2 3 0 1 0 1 1 3 1 0 0 2 0 1 0 2 1 1 0 1 1 1 0 0 0 1 1 0 1 2
 1 0 0 2 2 1 1 0 0 0 1 1 0 0 0 1 1 1 1 0 1 2 1 0 2 1 0 0 0 3 1 1 1 0 1 1 1
 0 1 0 0 1 0 2 0 2 1 1 1 3 1 0 2 0 2 1 0 0 1 1 1 2 0 0 1 0 1 1 0 2 0 2 0 1
 0 1 3 2 1 1 0 2 1 0 1 1 0 2 1 0 1 1 1 0 0 0 0 1 0 1 0 1 1 2 1 0 0 2 1 0 0
 0 0 0 0 0 1 0 0 0 0 1 1 1 2 1 0 1 2 1 0 0 1 0 2 2 3 1 0 1 1 1 1 1 1 2 2 1
 1 0 2 0 0 0 1 1 1 1 1 1 1 0 1 1 2 2 1 1 2 2 1 0 0 0 0 0 1 1 2 1 1 0 1 1 0
 0 1 0 1 0 1 0 1 1 0 1 0 0 1 0 2 1 1 3 1 0 1 1 2 0 0 2 2 0 0 1 2 1 0 2 0 0
 0 1 3 1 0 2 2 0 0 0 1 0 0 1 2 0 0 1 2 0 1 2 1 0 2 1 0 2 3 1 3 1 0 0 1 1 1
 2 1 2 0 0 0 1 0 1 0 2 1 3 0 0 1 1 2 1 1 0 0 1 1 1 1 2 1 2 0 0 0 3 1 1 2 0
 1 1 1 1 1 0 0 1 0 0 1 0 0 0 1 1 0 0 0 0 0 0 1 2 0 1 1 1 0 0 0 0 1 2 0 1 1
 2 1 2 0 0 1 1 1 1 2 2 1 1 1 1 1 1 1 1 1 1 1 0 0 0 0 2 2 0 1 0 1 0 1 1 2 3
 1]"
dbscan,4,,,,,0.10286354268104135,10,0.5,cosine,4,0.8989674961909598,1.054358901267864,6.0,euclidean,0.882538955200775,"[0 1 1 1 1 2 1 1 0 1 0 0 1 1 1 1 0 1 0 0 1 0 3 1 3 1 3 1 1 0 1 1 0 1 0 1 1
 1 1 1 1 1 0 2 1 1 0 0 1 1 1 3 2 1 1 1 1 1 1 0 0 0 1 0 1 2 1 1 0 1 1 1 0 2
 2 1 0 2 3 1 2 1 1 1 1 1 1 0 2 0 2 1 1 1 1 0 2 0 1 3 1 1 1 1 1 2 1 0 1 1 0
 1 1 1 1 1 0 1 1 1 1 1 1 3 1 1 1 1 1 1 1 1 1 1 1 1 2 1 1 0 1 0 0 1 1 0 0 1
 1 1 1 0 2 0 2 0 2 1 2 1 1 0 2 1 2 1 2 1 0 1 1 1 3 0 1 0 1 2 1 2 2 1 1 1 1
 0 0 1 1 2 1 1 1 3 1 1 1 1 0 1 0 1 1 3 0 0 2 2 2 1 1 2 1 0 0 1 1 3 2 1 1 1
 1 0 0 3 2 1 0 1 1 1 0 1 1 1 0 1 2 1 1 1 1 0 1 1 0 1 1 1 0 1 1 1 1 1 0 1 1
 0 1 1 0 0 1 3 1 0 0 2 0 1 1 1 0 2 2 0 1 0 0 1 0 0 0 1 1 0 1 2 0 1 0 2 0 1
 2 1 0 0 1 1 1 0 1 1 0 0 1 1 2 1 1 1 2 1 0 1 1 1 1 1 0 1 1 1 0 1 1 1 3 1 1
 0 0 1 1 3 2 1 2 0 2 1 0 1 1 1 2 2 1 1 1 2 1 1 0 1 0 0 1 0 1 3 1 1 1 1 2 1
 1 1 1 1 0 1 0 0 1 1 0 0 2 2 0 1 1 1 1 2 1 1 1 1 0 0 1 1 1 1 0 1 0 2 0 1 2
 2 2 1 1 1 0 1 1 1 1 2 2 3 0 2 1 3 1 1 1 1 1 2 1 1 1 1 0 1 2 0 2 0 1 0 1 1
 2 1 1 2 0 0 1 1 3 2 1 1 1 1 1 1 1 1 2 2 1 1 1 1 3 1 0 2 1 0 0 1 1 0 2 1 1
 0 1 2 1 1 0 0 0 1 1 3 1 1 1 1 1 0 0 1 3 1 0 1 1 1 0 0 0 2 0 1 1 1 0 1 0 1
 1 1 1 0 3 2 1 1 2 2 1 0 1 1 1 1 0 1 2 3 1 1 1 1 1 0 0 0 3 1 2 0 0 1 1 1 3
 1 0 0 0 1 0 1 3 2 1 1 1 1 2 0 2 1 1 1 1 0 1 0 1 1 0 1 1 1 1 1 0 2 1 0 1 1
 1 1 1 1 2 0 2 2 3 1 1 0 1 1 3 1 0 1 2 0 1 0 2 1 1 0 1 1 1 1 0 0 1 1 0 1 2
 1 1 1 2 2 1 1 0 0 0 1 1 0 0 0 1 1 1 1 1 1 2 1 0 2 1 0 1 0 3 1 1 1 0 1 1 1
 1 1 1 0 1 0 2 0 2 1 1 1 3 1 0 2 0 2 1 1 0 1 1 1 2 1 0 1 1 1 1 1 2 0 2 1 1
 0 1 3 2 1 1 0 2 1 0 1 1 1 2 1 0 1 1 1 1 0 0 1 1 0 1 0 1 1 2 1 1 1 2 1 0 0
 1 0 0 0 1 1 1 1 0 1 1 1 1 2 1 0 1 2 1 0 1 1 0 2 2 3 1 0 1 1 1 1 1 1 2 2 1
 1 0 2 0 0 0 1 1 1 1 1 1 1 0 1 1 2 2 1 1 2 2 1 0 0 0 1 0 1 1 2 1 1 0 1 1 0
 0 1 0 1 1 1 0 1 1 1 1 0 0 1 1 2 1 1 3 1 0 1 1 2 1 1 2 2 0 1 1 2 1 1 2 0 0
 1 1 3 1 0 2 2 1 0 0 1 0 1 1 2 0 0 1 2 1 1 2 1 1 2 1 1 2 3 1 3 1 1 0 1 1 1
 2 1 2 1 0 1 1 1 1 0 2 1 3 0 1 1 1 2 1 1 0 0 1 1 1 1 2 1 2 0 1 0 3 1 1 2 0
 1 1 1 1 1 0 0 1 1 0 1 0 0 0 1 1 0 0 0 1 0 0 1 2 1 1 1 1 0 0 0 0 1 2 0 1 1
 2 1 2 0 1 1 1 1 1 2 2 1 1 1 1 1 1 1 1 1 1 1 1 1 1 0 2 2 0 1 1 1 0 1 1 2 3
 1]"
dbscan,4,,,,,0.14261337343770433,25,0.5,correlation,4,0.8995839916839917,0.7495008445398073,6.0,chebyshev,0.8191022677596844,"[0 1 1 1 1 2 1 1 0 1 0 0 1 1 1 1 0 1 0 0 1 0 3 1 3 1 3 1 1 0 1 1 0 1 0 1 0
 1 1 1 1 0 0 2 0 1 0 0 0 1 1 3 2 0 1 1 1 1 1 0 0 0 1 0 0 2 1 0 0 1 0 1 0 2
 2 1 0 2 3 1 2 1 1 1 0 1 1 0 2 0 2 1 1 1 1 0 2 0 1 3 1 1 0 1 1 2 1 0 1 1 0
 1 1 1 1 1 0 1 1 1 1 1 1 3 0 1 1 1 0 1 1 1 0 1 1 0 2 1 1 0 1 0 0 1 1 0 0 1
 1 1 1 0 2 0 2 0 2 0 2 1 1 0 2 1 2 0 2 1 0 1 1 0 3 0 1 0 0 2 0 2 2 1 0 1 0
 0 0 1 1 2 1 0 0 3 1 1 1 1 0 0 0 1 1 3 0 0 2 2 2 1 1 2 1 0 0 1 1 3 2 0 1 1
 0 0 0 3 2 0 0 1 0 1 0 1 1 0 0 1 2 1 1 1 1 0 1 1 0 1 1 1 0 1 1 1 1 1 0 1 1
 0 1 1 0 0 1 3 1 0 0 2 0 1 1 1 0 2 2 0 1 0 0 0 0 0 0 1 0 0 1 2 0 1 0 2 0 1
 2 1 0 0 1 1 1 0 1 1 0 0 0 1 2 1 1 0 2 0 0 1 1 0 1 1 0 1 1 1 0 1 1 0 3 1 1
 0 0 1 1 3 2 1 2 0 2 1 0 1 1 1 2 2 1 1 1 2 1 1 0 1 0 0 1 0 1 3 0 1 1 1 2 1
 0 0 1 1 0 1 0 0 1 1 0 0 2 2 0 1 1 0 1 2 0 1 0 1 0 0 0 1 1 1 0 1 0 2 0 1 2
 2 2 0 1 1 0 0 1 1 0 2 2 3 0 2 0 3 1 0 1 0 1 2 1 0 0 1 0 1 2 0 2 0 0 0 1 1
 2 1 1 2 0 0 1 1 3 2 1 0 1 1 1 1 1 1 2 2 1 1 1 1 3 1 0 2 0 0 0 1 0 0 2 1 1
 0 0 2 1 0 0 0 0 1 0 3 1 0 0 1 1 0 0 1 3 1 0 1 1 0 0 0 0 2 0 1 1 1 0 1 0 1
 1 1 1 0 3 2 0 0 2 2 1 0 1 1 1 1 0 0 2 3 1 1 1 0 0 0 0 0 3 1 2 0 0 1 0 1 3
 1 0 0 0 0 0 1 3 2 0 1 1 1 2 0 2 1 1 0 1 0 1 0 0 1 0 1 1 1 1 1 0 2 1 0 0 1
 1 1 1 1 2 0 2 2 3 0 1 0 1 1 3 1 0 0 2 0 1 0 2 1 1 0 1 1 1 0 0 0 1 1 0 1 2
 1 0 1 2 2 1 1 0 0 0 1 1 0 0 0 1 1 1 1 0 1 2 1 0 2 1 0 0 0 3 1 1 1 0 1 1 1
 0 1 0 0 1 0 2 0 2 1 1 1 3 1 0 2 0 2 1 0 0 1 1 1 2 0 0 1 0 1 1 0 2 0 2 0 1
 0 1 3 2 1 1 0 2 1 0 1 1 0 2 1 0 1 1 1 0 0 0 0 1 0 1 0 1 1 2 1 0 0 2 1 0 0
 0 0 0 0 0 1 0 0 0 0 1 1 1 2 1 0 1 2 1 0 0 1 0 2 2 3 1 0 1 1 1 1 1 1 2 2 1
 1 0 2 0 0 0 1 1 1 1 1 1 1 0 1 1 2 2 1 1 2 0 1 0 0 0 0 0 1 1 2 1 1 0 1 1 0
 0 1 0 1 0 1 0 1 1 0 1 0 0 1 0 2 1 1 3 1 0 1 1 2 0 0 2 2 0 0 1 2 1 0 2 0 0
 0 1 3 1 0 2 2 0 0 0 1 0 0 1 2 0 0 1 2 0 1 2 1 0 2 1 0 2 3 1 3 1 0 0 1 1 1
 2 1 2 0 0 0 1 0 1 0 2 1 3 0 0 1 1 2 1 1 0 0 1 1 1 1 2 1 2 0 0 0 3 1 1 2 0
 1 1 1 1 1 0 0 1 0 0 1 0 0 0 1 1 0 0 0 0 0 0 1 2 0 1 1 1 0 0 0 0 1 2 0 1 1
 2 1 2 0 0 1 1 1 1 2 2 1 1 1 1 1 1 1 1 1 1 1 0 0 0 0 2 2 0 1 0 1 0 1 1 2 3
 1]"
dbscan,2,,,,,0.058535105030498934,25,0.5,cosine,4,0.8972061122661122,0.5011915468040552,6.0,correlation,0.9791054634207604,"[0 0 0 0 0 0 0 0 0 0 0 0 0 0 0 0 0 0 0 0 0 0 1 0 1 0 1 0 0 0 0 0 0 0 0 0 0
 0 0 0 0 0 0 0 0 0 0 0 0 0 0 1 0 0 0 0 0 0 0 0 0 0 0 0 0 0 0 0 0 0 0 0 0 0
 0 0 0 0 1 0 0 0 0 0 0 0 0 0 0 0 0 0 0 0 0 0 0 0 0 1 0 0 0 0 0 0 0 0 0 0 0
 0 0 0 0 0 0 0 0 0 0 0 0 1 0 0 0 0 0 0 0 0 0 0 0 0 0 0 0 0 0 0 0 0 0 0 0 0
 0 0 0 0 0 0 0 0 0 0 0 0 0 0 0 0 0 0 0 0 0 0 0 0 1 0 0 0 0 0 0 0 0 0 0 0 0
 0 0 0 0 0 0 0 0 1 0 0 0 0 0 0 0 0 0 1 0 0 0 0 0 0 0 0 0 0 0 0 0 1 0 0 0 0
 0 0 0 1 0 0 0 0 0 0 0 0 0 0 0 0 0 0 0 0 0 0 0 0 0 0 0 0 0 0 0 0 0 0 0 0 0
 0 0 0 0 0 0 1 0 0 0 0 0 0 0 0 0 0 0 0 0 0 0 0 0 0 0 0 0 0 0 0 0 0 0 0 0 0
 0 0 0 0 0 0 0 0 0 0 0 0 0 0 0 0 0 0 0 0 0 0 0 0 0 0 0 0 0 0 0 0 0 0 1 0 0
 0 0 0 0 1 0 0 0 0 0 0 0 0 0 0 0 0 0 0 0 0 0 0 0 0 0 0 0 0 0 1 0 0 0 0 0 0
 0 0 0 0 0 0 0 0 0 0 0 0 0 0 0 0 0 0 0 0 0 0 0 0 0 0 0 0 0 0 0 0 0 0 0 0 0
 0 0 0 0 0 0 0 0 0 0 0 0 1 0 0 0 1 0 0 0 0 0 0 0 0 0 0 0 0 0 0 0 0 0 0 0 0
 0 0 0 0 0 0 0 0 1 0 0 0 0 0 0 0 0 0 0 0 0 0 0 0 1 0 0 0 0 0 0 0 0 0 0 0 0
 0 0 0 0 0 0 0 0 0 0 1 0 0 0 0 0 0 0 0 1 0 0 0 0 0 0 0 0 0 0 0 0 0 0 0 0 0
 0 0 0 0 1 0 0 0 0 0 0 0 0 0 0 0 0 0 0 1 0 0 0 0 0 0 0 0 1 0 0 0 0 0 0 0 1
 0 0 0 0 0 0 0 1 0 0 0 0 0 0 0 0 0 0 0 0 0 0 0 0 0 0 0 0 0 0 0 0 0 0 0 0 0
 0 0 0 0 0 0 0 0 1 0 0 0 0 0 1 0 0 0 0 0 0 0 0 0 0 0 0 0 0 0 0 0 0 0 0 0 0
 0 0 0 0 0 0 0 0 0 0 0 0 0 0 0 0 0 0 0 0 0 0 0 0 0 0 0 0 0 1 0 0 0 0 0 0 0
 0 0 0 0 0 0 0 0 0 0 0 0 1 0 0 0 0 0 0 0 0 0 0 0 0 0 0 0 0 0 0 0 0 0 0 0 0
 0 0 1 0 0 0 0 0 0 0 0 0 0 0 0 0 0 0 0 0 0 0 0 0 0 0 0 0 0 0 0 0 0 0 0 0 0
 0 0 0 0 0 0 0 0 0 0 0 0 0 0 0 0 0 0 0 0 0 0 0 0 0 1 0 0 0 0 0 0 0 0 0 0 0
 0 0 0 0 0 0 0 0 0 0 0 0 0 0 0 0 0 0 0 0 0 0 0 0 0 0 0 0 0 0 0 0 0 0 0 0 0
 0 0 0 0 0 0 0 0 0 0 0 0 0 0 0 0 0 0 1 0 0 0 0 0 0 0 0 0 0 0 0 0 0 0 0 0 0
 0 0 1 0 0 0 0 0 0 0 0 0 0 0 0 0 0 0 0 0 0 0 0 0 0 0 0 0 1 0 1 0 0 0 0 0 0
 0 0 0 0 0 0 0 0 0 0 0 0 1 0 0 0 0 0 0 0 0 0 0 0 0 0 0 0 0 0 0 0 1 0 0 0 0
 0 0 0 0 0 0 0 0 0 0 0 0 0 0 0 0 0 0 0 0 0 0 0 0 0 0 0 0 0 0 0 0 0 0 0 0 0
 0 0 0 0 0 0 0 0 0 0 0 0 0 0 0 0 0 0 0 0 0 0 0 0 0 0 0 0 0 0 0 0 0 0 0 0 1
 0]"
dbscan,4,,,,,0.17595546168577023,50,0.5,correlation,4,0.8971402920497566,0.6338277310585752,6.0,chebyshev,0.7859443524027205,"[0 1 1 1 1 2 1 1 0 1 0 0 1 1 1 1 0 1 0 0 1 0 3 1 3 1 3 1 1 0 1 1 0 1 0 1 0
 1 1 1 1 0 0 2 0 1 0 0 0 1 1 3 2 0 1 1 1 1 1 0 0 0 1 0 0 2 1 0 0 1 0 1 0 2
 2 1 0 2 3 1 2 1 1 1 0 1 1 0 2 0 2 1 1 1 1 0 2 0 1 3 1 1 0 1 1 2 1 0 1 1 0
 1 1 1 1 1 0 1 1 1 1 1 1 3 0 1 1 1 0 1 1 1 0 1 1 0 2 1 1 0 1 0 0 1 1 0 0 1
 1 1 1 0 2 0 2 0 2 0 2 1 1 0 2 1 2 0 2 1 0 1 1 0 3 0 1 0 0 2 0 2 2 1 0 1 0
 0 0 1 1 2 1 0 0 3 1 1 1 1 0 0 0 1 1 3 0 0 2 2 2 1 1 2 1 0 0 1 1 3 2 0 1 1
 0 0 0 3 2 0 0 1 0 1 0 1 1 0 0 1 2 1 1 1 1 0 1 1 0 1 1 1 0 1 1 1 1 1 0 1 1
 0 1 1 0 0 1 3 1 0 0 2 0 1 1 1 0 2 2 0 1 0 0 0 0 0 0 1 0 0 1 2 0 1 0 2 0 1
 2 1 0 0 1 1 1 0 1 1 0 0 0 1 2 1 1 0 2 0 0 1 1 0 1 1 0 1 1 1 0 1 1 0 3 1 1
 0 0 1 1 3 2 1 2 0 2 1 0 1 1 1 2 2 1 1 1 2 1 1 0 1 0 0 1 0 1 3 0 1 1 1 2 1
 0 0 1 1 0 1 0 0 1 1 0 0 2 2 0 1 1 0 1 2 0 1 0 1 0 0 0 1 1 1 0 1 0 2 0 1 2
 2 2 0 1 1 0 0 1 1 0 2 2 3 0 2 0 3 1 0 1 0 1 2 1 0 0 1 0 1 2 0 2 0 0 0 1 1
 2 1 1 2 0 0 1 1 3 2 1 0 1 1 1 1 1 1 2 2 1 1 1 1 3 1 0 2 0 0 0 1 0 0 2 1 1
 0 0 2 1 0 0 0 0 1 0 3 1 0 0 1 1 0 0 1 3 1 0 1 1 0 0 0 0 2 0 1 1 1 0 1 0 1
 1 1 1 0 3 2 0 0 2 2 1 0 1 1 1 1 0 0 2 3 1 1 1 0 0 0 0 0 3 1 2 0 0 1 0 1 3
 1 0 0 0 0 0 1 3 2 0 1 1 1 2 0 2 1 1 0 1 0 1 0 0 1 0 1 1 1 1 1 0 2 1 0 0 1
 1 1 1 1 2 0 2 2 3 0 1 0 1 1 3 1 0 0 2 0 1 0 2 1 1 0 1 1 1 0 0 0 1 1 0 1 2
 1 0 1 2 2 1 1 0 0 0 1 1 0 0 0 1 1 1 1 0 1 2 1 0 2 1 0 0 0 3 1 1 1 0 1 1 1
 0 1 0 0 1 0 2 0 2 1 1 1 3 1 0 2 0 2 1 0 0 1 1 1 2 0 0 1 0 1 1 0 2 0 2 0 1
 0 1 3 2 1 1 0 2 1 0 1 1 0 2 1 0 1 1 1 0 0 0 0 1 0 1 0 1 1 2 1 0 0 2 1 0 0
 0 0 0 0 0 1 0 0 0 0 1 1 1 2 1 0 1 2 1 0 0 1 0 2 2 3 1 0 1 1 1 1 1 1 2 2 1
 1 0 2 0 0 0 1 1 1 1 1 1 1 0 1 1 2 2 1 1 2 0 1 0 0 0 0 0 1 1 2 1 1 0 1 1 0
 0 1 0 1 0 1 0 1 1 0 1 0 0 1 0 2 1 1 3 1 0 1 1 2 0 0 2 2 0 0 1 2 1 0 2 0 0
 0 1 3 1 0 2 2 0 0 0 1 0 0 1 2 0 0 1 2 0 1 2 1 0 2 1 0 2 3 1 3 1 0 0 1 1 1
 2 1 2 0 0 0 1 0 1 0 2 1 3 0 0 1 1 2 1 1 0 0 1 1 1 1 2 1 2 0 0 0 3 1 1 2 0
 1 1 1 1 1 0 0 1 0 0 1 0 0 0 1 1 0 0 0 0 0 0 1 2 0 1 1 1 0 0 0 0 1 2 0 1 1
 2 1 2 0 0 1 1 1 1 2 2 1 1 1 1 1 1 1 1 1 1 1 0 0 0 0 2 2 0 1 0 1 0 1 1 2 3
 1]"
dbscan,5,,,,,0.0752543927084052,50,0.5,cosine,4,0.8916293996755003,1.0631687015286744,6.0,minkowski,0.9472965379458601,"[ 0  1  1  1  1  2  1  1  0  1  0  0  1  1  1  1  0  1  0  0  1  0  3  1
  3  1  3  1  1  0  1  1  0  1  0  1  4  1  1  1  1  4  0  2  4  1  0  0
  4  1  1  3  2  4  1  1  1  1  1  0  0  0  1  0  4  2  1  4  0  1  4  1
  0  2  2  1  0  2  3  1  2  1  1  1  4  1  1  0  2  0  2  1  1  1  1  0
  2  0  1  3  1  1  4  1  1  2  1  0  1  1  0  1  1  1  1  1  0  1  1  1
  1  1  1  3  4  1  1  1  4  1  1  1  4  1  1  4  2  1  1  0  1  0  0  1
  1  0  0  1  1  1  1  0  2  0  2  0  2  4  2  1  1  0  2  1  2  4  2  1
  0  1  1  4  3  0  1  0  4  2  4  2  2  1  4  1  4  0  0  1  1  2  1  4
  4  3  1  1  1  1  0  4  0  1  1  3  0  0  2  2  2  1  1  2  1  0  0  1
  1  3  2  4  1  1  4  0  0  3  2  4  0  1  4  1  0  1  1  4  0  1  2  1
  1  1  1  0  1  1  0  1  1  1  0  1  1  1  1  1  0  1  1  0  1  1  0  0
  1  3  1  0  0  2  0  1  1  1  0  2  2  0  1  0  0  4  0  0  0  1  4  0
  1  2  0  1  0  2  0  1  2  1  0  0  1  1  1  0  1  1  0  0  4  1  2  1
  1  4  2  4  0  1  1  4  1  1  0  1  1  1  0  1  1  4  3  1  1  0  0  1
  1  3  2  1  2  0  2  1  0  1  1  1  2  2  1  1  1  2  1  1  0  1  0  0
  1  0  1  3  4  1  1  1  2  1  4  4  1  1  0  1  0  0  1  1  0  0  2  2
  0  1  1  4  1  2  4  1  4  1  0  0  4  1  1  1  0  1  0  2  0  1  2  2
  2  4  1  1  0  4  1  1  4  2  2  3  0  2  4  3  1  4  1  4  1  2  1  4
  4  1  0  1  2  0  2  0  4  0  1  1  2  1  1  2  0  0  1  1  3  2  1  4
  1  1  1  1  1  1  2  2  1  1  1  1  3  1  0  2  4  0  0  1  4  0  2  1
  1  0  4  2  1  4  0  0  0  1  4  3  1  4  4  1  1  0  0  1  3  1  0  1
  1  4  0  0  0  2  0  1  1  1  0  1  0  1  1  1  1  0  3  2 -1  4  2  2
  1  0  1  1  1  1  0  4  2  3  1  1  1  4  4  0  0  0  3  1  2  0  0  1
  4  1  3  1  0  0  0  4  0  1  3  2  4  1  1  1  2  0  2  1  1  4  1  0
  1  0  4  1  0  1  1  1  1  1  0  2  1  0  4  1  1  1  1  1  2  0  2  2
  3  4  1  0  1  1  3  1  0  0  2  0  1  0  2  1  1  0  1  1  1  4  0  0
  1  1  0  1  2  1  4  1  2  2  1  1  0  0  0  1  1  0  0  0  1  1  1  1
  4  1  2  1  0  2  1  0  4  0  3  1  1  1  0  1  1  1  4  1  4  0  1  0
  2  0  2  1  1  1  3  1  0  2  0  2  1  4  0  1  1  1  2  4  0  1  0  1
  1  4  2  0  2  4  1  0  1  3  2  1  1  0  2  1  0  1  1  4  2  1  0  1
  1  1  4  0  0  4  1  0  1  0  1  1  2  1  4  4  2  1  0  0  4  0  0  0
  4  1  4  4  0  4  1  1  1  2  1  0  1  2  1  0  4  1  1  2  2  3  1  0
  1  1  1  1  1  1  2  2  1  1  0  2  0  0  0  1  1  1  1  1  1  1  0  1
  1  2  2  1  1  2  2  1  0  0  0  4  0  1  1  2  1  1  0  1  1  0  0  1
  0  1  4  1  0  1  1  4  1  0  0  1  4  2  1  1  3  1  0  1  1  2  4  4
  2  2  0  4  1  2  1  4  2  0  0  4  1  3  1  0  2  2  4  0  0  1  0  4
  1  2  0  0  1  2  4  1  2  1  4  2  1  4  2  3  1  3  1  4  0  1  1  1
  2  1  2  4  0  4  1  4  1  0  2  1  3  0  4  1  1  2  1  1  0  0  1  1
  1  1  2  1  2  0  4  0  3  1  1  2  0  1  1  1  1  1  0  0  1  4  0  1
  0  0  0  1  1  0  0  0  4  0  0  1  2  4  1  1  1  0  0  0  0  1  2  0
  1  1  2  1  2  0  4  1  1  1  1  2  2  1  1  1  1  1  1  1  1  1  1  1
  4  4  4  0  2  2  0  1  1  1  0  1  1  2  3  1]"
dbscan,2,,,,,0.14440754734021505,100,0.5,correlation,4,0.8889499470276634,0.5468866867912646,5.0,correlation,0.9570019557562685,"[0 0 0 0 0 0 0 0 0 0 0 0 0 0 0 0 0 0 0 0 0 0 1 0 1 0 1 0 0 0 0 0 0 0 0 0 0
 0 0 0 0 0 0 0 0 0 0 0 0 0 0 1 0 0 0 0 0 0 0 0 0 0 0 0 0 0 0 0 0 0 0 0 0 0
 0 0 0 0 1 0 0 0 0 0 0 0 0 0 0 0 0 0 0 0 0 0 0 0 0 1 0 0 0 0 0 0 0 0 0 0 0
 0 0 0 0 0 0 0 0 0 0 0 0 1 0 0 0 0 0 0 0 0 0 0 0 0 0 0 0 0 0 0 0 0 0 0 0 0
 0 0 0 0 0 0 0 0 0 0 0 0 0 0 0 0 0 0 0 0 0 0 0 0 1 0 0 0 0 0 0 0 0 0 0 0 0
 0 0 0 0 0 0 0 0 1 0 0 0 0 0 0 0 0 0 1 0 0 0 0 0 0 0 0 0 0 0 0 0 1 0 0 0 0
 0 0 0 1 0 0 0 0 0 0 0 0 0 0 0 0 0 0 0 0 0 0 0 0 0 0 0 0 0 0 0 0 0 0 0 0 0
 0 0 0 0 0 0 1 0 0 0 0 0 0 0 0 0 0 0 0 0 0 0 0 0 0 0 0 0 0 0 0 0 0 0 0 0 0
 0 0 0 0 0 0 0 0 0 0 0 0 0 0 0 0 0 0 0 0 0 0 0 0 0 0 0 0 0 0 0 0 0 0 1 0 0
 0 0 0 0 1 0 0 0 0 0 0 0 0 0 0 0 0 0 0 0 0 0 0 0 0 0 0 0 0 0 1 0 0 0 0 0 0
 0 0 0 0 0 0 0 0 0 0 0 0 0 0 0 0 0 0 0 0 0 0 0 0 0 0 0 0 0 0 0 0 0 0 0 0 0
 0 0 0 0 0 0 0 0 0 0 0 0 1 0 0 0 1 0 0 0 0 0 0 0 0 0 0 0 0 0 0 0 0 0 0 0 0
 0 0 0 0 0 0 0 0 1 0 0 0 0 0 0 0 0 0 0 0 0 0 0 0 1 0 0 0 0 0 0 0 0 0 0 0 0
 0 0 0 0 0 0 0 0 0 0 1 0 0 0 0 0 0 0 0 1 0 0 0 0 0 0 0 0 0 0 0 0 0 0 0 0 0
 0 0 0 0 1 0 0 0 0 0 0 0 0 0 0 0 0 0 0 1 0 0 0 0 0 0 0 0 1 0 0 0 0 0 0 0 1
 0 0 0 0 0 0 0 1 0 0 0 0 0 0 0 0 0 0 0 0 0 0 0 0 0 0 0 0 0 0 0 0 0 0 0 0 0
 0 0 0 0 0 0 0 0 1 0 0 0 0 0 1 0 0 0 0 0 0 0 0 0 0 0 0 0 0 0 0 0 0 0 0 0 0
 0 0 0 0 0 0 0 0 0 0 0 0 0 0 0 0 0 0 0 0 0 0 0 0 0 0 0 0 0 1 0 0 0 0 0 0 0
 0 0 0 0 0 0 0 0 0 0 0 0 1 0 0 0 0 0 0 0 0 0 0 0 0 0 0 0 0 0 0 0 0 0 0 0 0
 0 0 1 0 0 0 0 0 0 0 0 0 0 0 0 0 0 0 0 0 0 0 0 0 0 0 0 0 0 0 0 0 0 0 0 0 0
 0 0 0 0 0 0 0 0 0 0 0 0 0 0 0 0 0 0 0 0 0 0 0 0 0 1 0 0 0 0 0 0 0 0 0 0 0
 0 0 0 0 0 0 0 0 0 0 0 0 0 0 0 0 0 0 0 0 0 0 0 0 0 0 0 0 0 0 0 0 0 0 0 0 0
 0 0 0 0 0 0 0 0 0 0 0 0 0 0 0 0 0 0 1 0 0 0 0 0 0 0 0 0 0 0 0 0 0 0 0 0 0
 0 0 1 0 0 0 0 0 0 0 0 0 0 0 0 0 0 0 0 0 0 0 0 0 0 0 0 0 1 0 1 0 0 0 0 0 0
 0 0 0 0 0 0 0 0 0 0 0 0 1 0 0 0 0 0 0 0 0 0 0 0 0 0 0 0 0 0 0 0 1 0 0 0 0
 0 0 0 0 0 0 0 0 0 0 0 0 0 0 0 0 0 0 0 0 0 0 0 0 0 0 0 0 0 0 0 0 0 0 0 0 0
 0 0 0 0 0 0 0 0 0 0 0 0 0 0 0 0 0 0 0 0 0 0 0 0 0 0 0 0 0 0 0 0 0 0 0 0 1
 0]"
dbscan,4,,,,,0.052062847573177286,100,0.5,cosine,4,0.8845577045320777,0.9034577051779739,6.0,minkowski,0.9556094714053989,"[ 0  1  1  1  1  2  1  1  0  1  0  0  1  1  1  1  0  1  0  0  1  0  3  1
  3  1  3  1  1  0  1  1  0  1  0  1  0  1  1  1  1  0  0  2  0  1  0  0
  0  1  1  3  2  0  1  1  1  1  1  0  0  0  1  0  0  2  1  0  0  1  0  1
  0  2  2  1  0  2  3  1  2  1  1  1  0  1  1  0  2  0  2  1  1  1  1  0
  2  0  1  3  1  1  0  1  1  2  1  0  1  1  0  1  1  1  1  1  0  1  1  1
  1  1  1  3  0 -1  1  1  0  1  1  1  0  1  1  0  2  1  1  0  1  0  0  1
  1  0  0  1  1  1  1  0  2  0  2  0  2  0  2  1  1  0  2  1  2  0  2  1
  0  1  1  0  3  0  1  0  0  2  0  2  2  1  0  1  0  0  0  1  1  2  1  0
  0  3  1  1  1  1  0  0  0  1  1  3  0  0  2  2  2  1  1  2  1  0  0  1
  1  3  2  0  1  1  0  0  0  3  2  0  0  1  0  1  0  1  1  0  0  1  2  1
  1  1  1  0  1  1  0  1  1  1  0  1  1  1  1  1  0  1  1  0  1  1  0  0
  1  3  1  0  0  2  0  1  1  1  0  2  2  0 -1  0  0  0  0  0  0  1  0  0
  1  2  0  1  0  2  0  1  2  1  0  0  1  1  1  0  1  1  0  0  0  1  2  1
  1  0  2  0  0  1  1  0  1  1  0  1  1  1  0  1  1  0  3  1  1  0  0  1
  1  3  2  1  2  0  2  1  0  1  1  1  2  2  1  1  1  2  1  1  0  1  0  0
  1  0  1  3  0  1  1  1  2  1  0  0  1  1  0  1  0  0  1  1  0  0  2  2
  0  1  1  0  1  2  0  1  0  1  0  0  0  1  1  1  0  1  0  2  0  1  2  2
  2  0  1  1  0  0  1  1  0  2  2  3  0  2  0  3  1  0  1  0  1  2  1  0
  0  1  0  1  2  0  2  0  0  0  1  1  2  1  1  2  0  0  1  1  3  2  1  0
  1  1  1  1  1  1  2  2  1  1  1  1  3  1  0  2  0  0  0  1  0  0  2  1
  1  0  0  2  1  0  0  0  0  1  0  3  1  0  0  1  1  0  0  1  3  1  0  1
  1  0  0  0  0  2  0  1  1  1  0  1  0  1  1  1  1  0  3  2  0  0  2  2
  1  0  1  1  1  1  0  0  2  3  1  1  1  0  0  0  0  0  3  1  2  0  0  1
  0  1  3  1  0  0  0  0  0  1  3  2  0  1  1  1  2  0  2  1  1  0  1  0
  1  0  0  1  0  1  1  1  1  1  0  2  1  0  0  1  1  1  1  1  2  0  2  2
  3  0  1  0  1 -1  3  1  0  0  2  0  1  0  2  1  1  0  1  1  1  0  0  0
  1  1  0  1  2  1  0 -1  2  2  1  1  0  0  0  1  1  0  0  0  1  1  1  1
  0  1  2  1  0  2  1  0  0  0  3  1  1  1  0  1  1  1  0  1  0  0  1  0
  2  0  2  1  1  1  3  1  0  2  0  2  1  0  0  1  1  1  2  0  0  1  0  1
  1  0  2  0  2  0  1  0  1  3  2  1  1  0  2  1  0  1  1  0  2  1  0  1
  1  1  0  0  0  0  1  0  1  0  1  1  2  1  0  0  2  1  0  0  0  0  0  0
  0  1  0  0  0  0  1  1  1  2  1  0  1  2  1  0  0  1 -1  2  2  3  1  0
  1  1  1  1  1  1  2  2  1  1  0  2  0  0  0  1  1  1  1  1  1  1  0  1
  1  2  2  1  1  2  2  1  0  0  0  0  0  1  1  2  1  1  0  1  1  0  0  1
  0  1  0  1  0  1  1  0  1  0  0  1  0  2  1  1  3  1  0  1  1  2  0  0
  2  2  0  0  1  2  1  0  2  0  0  0  1  3  1  0  2  2  0  0  0  1  0  0
  1  2  0  0  1  2  0  1  2  1  0  2  1  0  2  3  1  3  1  0  0  1  1  1
  2  1  2  0  0  0  1  0  1  0  2  1  3  0  0  1  1  2  1  1  0  0  1  1
  1  1  2  1  2  0  0  0  3  1  1  2  0  1  1  1  1  1  0  0  1  0  0  1
  0  0  0  1  1  0  0  0  0  0  0  1  2  0  1  1  1  0  0  0 -1  1  2  0
 -1  1  2  1  2  0  0  1  1  1  1  2  2  1  1  1  1 -1  1  1  1  1  1  1
  0  0  0  0  2  2  0  1 -1 -1  0  1  1  2  3  1]"
k_means,4,4.0,4.0,4.0,0.7399071455001831,0.16254986971515514,200,0.5,correlation,4,0.8576272265904217,,,,,"[0 1 1 1 1 2 1 1 0 1 0 0 1 1 1 1 0 1 0 0 1 0 3 1 3 1 3 1 1 0 1 1 0 1 0 1 0
 1 1 1 1 0 0 2 0 1 0 0 0 1 1 3 2 0 1 1 1 1 1 0 0 0 1 0 0 2 1 0 0 1 0 1 0 2
 2 1 0 2 3 1 2 1 1 1 0 1 1 0 2 0 2 1 1 1 1 0 2 0 1 3 1 1 0 1 1 2 1 0 1 1 0
 1 1 1 1 1 0 1 1 1 1 1 1 3 0 1 1 1 0 1 1 1 0 1 1 0 2 1 1 0 1 0 0 1 1 0 0 1
 1 1 1 0 2 0 2 0 2 0 2 1 1 0 2 1 2 0 2 1 0 1 1 0 3 0 1 0 0 2 0 2 2 1 0 1 0
 0 0 1 1 2 1 0 0 3 1 1 1 1 0 0 0 1 1 3 0 0 2 2 2 1 1 2 1 0 0 1 1 3 2 0 1 1
 0 0 0 3 2 0 0 1 0 1 0 1 1 0 0 1 2 1 1 1 1 0 1 1 0 1 1 1 0 1 1 1 1 1 0 1 1
 0 1 1 0 0 1 3 1 0 0 2 0 1 1 1 0 2 2 0 1 0 0 0 0 0 0 1 0 0 1 2 0 1 0 2 0 1
 2 1 0 0 1 1 1 0 1 1 0 0 0 1 2 1 1 0 2 0 0 1 1 0 1 1 0 1 1 1 0 1 1 0 3 1 1
 0 0 1 1 3 2 1 2 0 2 1 0 1 1 1 2 2 1 1 1 2 1 1 0 1 0 0 1 0 1 3 0 1 1 1 2 1
 0 0 1 1 0 1 0 0 1 1 0 0 2 2 0 1 1 0 1 2 0 1 0 1 0 0 0 1 1 1 0 1 0 2 0 1 2
 2 2 0 1 1 0 0 1 1 0 2 2 3 0 2 0 3 1 0 1 0 1 2 1 0 0 1 0 1 2 0 2 0 0 0 1 1
 2 1 1 2 0 0 1 1 3 2 1 0 1 1 1 1 1 1 1 2 1 1 1 1 3 1 0 2 0 0 0 1 0 1 2 1 1
 0 0 2 1 0 0 0 0 1 0 3 1 0 0 1 1 0 0 1 3 1 0 1 1 0 0 0 0 2 0 1 1 1 0 1 0 1
 1 1 1 0 3 2 0 0 2 2 1 0 1 1 1 1 0 0 2 3 1 1 1 0 0 0 0 0 3 1 2 0 0 1 0 1 3
 1 0 0 0 0 0 1 3 2 0 1 1 1 2 0 2 1 1 0 1 0 1 0 0 1 0 1 1 1 1 1 0 2 1 0 0 1
 1 1 1 1 2 0 2 2 3 0 1 0 1 1 3 1 0 0 2 0 1 0 2 1 1 0 1 1 1 0 0 0 1 1 0 1 2
 1 0 1 2 2 1 1 0 0 0 1 1 0 0 0 1 1 1 1 0 1 2 1 0 2 1 0 0 0 3 1 1 1 0 1 1 1
 0 1 0 0 1 0 2 0 2 1 1 1 3 1 0 2 0 2 1 0 0 1 1 1 2 0 0 1 0 1 1 1 2 0 2 0 1
 0 1 3 2 1 1 0 2 1 0 1 1 0 2 1 0 1 1 1 0 0 0 0 1 0 1 0 1 1 2 1 0 0 2 1 0 0
 0 0 0 0 0 1 0 0 0 0 1 1 1 2 1 0 1 2 1 0 0 1 1 2 2 3 1 0 1 1 1 1 1 1 2 2 1
 1 0 2 0 0 0 1 1 1 1 1 1 1 0 1 1 2 2 1 1 2 0 1 0 0 0 0 0 1 1 2 1 1 0 1 1 0
 0 1 0 1 0 1 0 1 1 0 1 0 0 1 1 2 1 1 3 1 0 1 1 2 0 0 2 2 0 0 1 2 1 0 2 0 0
 0 1 3 1 1 2 2 0 0 0 1 0 0 1 2 0 0 1 2 0 1 2 1 0 2 1 1 2 3 1 3 1 0 0 1 1 1
 2 1 2 0 0 0 1 0 1 0 2 1 3 0 0 1 1 2 1 1 0 0 1 1 1 1 2 1 2 0 0 0 3 1 1 2 0
 1 1 1 1 1 0 0 1 0 0 1 0 0 0 1 1 0 0 0 0 0 0 1 2 0 1 1 1 0 0 0 1 1 2 0 1 1
 2 1 2 0 0 1 1 1 1 2 2 1 1 1 1 1 1 1 1 1 1 1 0 0 0 0 2 2 0 1 1 1 0 1 1 2 3
 1]"
dbscan,4,,,,,0.08124880769844603,200,0.5,cosine,4,0.8900926518942102,0.8732988992423413,6.0,minkowski,0.9611370032284458,"[ 0  1  1  1  1  2  1  1  0  1  0  0  1  1  1  1  0  1  0  0  1  0  3  1
  3  1  3  1  1  0  1  1  0  1  0  1  0  1  1  1  1  0  0  2  0  1  0  0
  0  1  1  3  2  0  1  1  1  1  1  0  0  0  1  0  0  2  1  0  0  1  0  1
  0  2  2  1  0  2  3  1  2  1  1  1  0  1  1  0  2  0  2  1  1  1  1  0
  2  0  1  3  1  1  0  1  1  2  1  0  1  1  0  1  1  1  1  1  0  1  1  1
  1  1  1  3  0  1  1  1  0  1  1  1  0  1  1  0  2  1  1  0  1  0  0  1
  1  0  0  1  1  1  1  0  2  0  2  0  2  0  2  1  1  0  2  1  2  0  2  1
  0  1  1  0  3  0  1  0  0  2  0  2  2  1  0  1  0  0  0  1  1  2  1  0
  0  3  1  1  1  1  0  0  0  1  1  3  0  0  2  2  2  1  1  2  1  0  0  1
  1  3  2  0  1  1  0  0  0  3  2  0  0  1  0  1  0  1  1  0  0  1  2  1
  1  1  1  0  1  1  0  1  1  1  0  1  1  1  1  1  0  1  1  0  1  1  0  0
  1  3  1  0  0  2  0  1  1  1  0  2  2  0 -1  0  0  0  0  0  0  1  0  0
  1  2  0  1  0  2  0  1  2  1  0  0  1  1  1  0  1  1  0  0  0  1  2  1
  1  0  2  0  0  1  1  0  1  1  0  1  1  1  0  1  1  0  3  1  1  0  0  1
  1  3  2  1  2  0  2  1  0  1  1  1  2  2  1  1  1  2  1  1  0  1  0  0
  1  0  1  3  0  1  1  1  2  1  0  0  1  1  0  1  0  0  1  1  0  0  2  2
  0  1  1  0  1  2  0  1  0  1  0  0  0  1  1  1  0  1  0  2  0  1  2  2
  2  0  1  1  0  0  1  1  0  2  2  3  0  2  0  3  1  0  1  0  1  2  1  0
  0  1  0  1  2  0  2  0  0  0  1  1  2  1  1  2  0  0  1  1  3  2  1  0
  1  1  1  1  1  1  2  2  1  1  1  1  3  1  0  2  0  0  0  1  0  0  2  1
  1  0  0  2  1  0  0  0  0  1  0  3  1  0  0  1  1  0  0  1  3  1  0  1
  1  0  0  0  0  2  0  1  1  1  0  1  0  1  1  1  1  0  3  2  0  0  2  2
  1  0  1  1  1  1  0  0  2  3  1  1  1  0  0  0  0  0  3  1  2  0  0  1
  0  1  3  1  0  0  0  0  0  1  3  2  0  1  1  1  2  0  2  1  1  0  1  0
  1  0  0  1  0  1  1  1  1  1  0  2  1  0  0  1  1  1  1  1  2  0  2  2
  3  0  1  0  1 -1  3  1  0  0  2  0  1  0  2  1  1  0  1  1  1  0  0  0
  1  1  0  1  2  1  0 -1  2  2  1  1  0  0  0  1  1  0  0  0  1  1  1  1
  0  1  2  1  0  2  1  0  0  0  3  1  1  1  0  1  1  1  0  1  0  0  1  0
  2  0  2  1  1  1  3  1  0  2  0  2  1  0  0  1  1  1  2  0  0  1  0  1
  1  0  2  0  2  0  1  0  1  3  2  1  1  0  2  1  0  1  1  0  2  1  0  1
  1  1  0  0  0  0  1  0  1  0  1  1  2  1  0  0  2  1  0  0  0  0  0  0
  0  1  0  0  0  0  1  1  1  2  1  0  1  2  1  0  0  1 -1  2  2  3  1  0
  1  1  1  1  1  1  2  2  1  1  0  2  0  0  0  1  1  1  1  1  1  1  0  1
  1  2  2  1  1  2  2  1  0  0  0  0  0  1  1  2  1  1  0  1  1  0  0  1
  0  1  0  1  0  1  1  0  1  0  0  1  0  2  1  1  3  1  0  1  1  2  0  0
  2  2  0  0  1  2  1  0  2  0  0  0  1  3  1  0  2  2  0  0  0  1  0  0
  1  2  0  0  1  2  0  1  2  1  0  2  1  0  2  3  1  3  1  0  0  1  1  1
  2  1  2  0  0  0  1  0  1  0  2  1  3  0  0  1  1  2  1  1  0  0  1  1
  1  1  2  1  2  0  0  0  3  1  1  2  0  1  1  1  1  1  0  0  1  0  0  1
  0  0  0  1  1  0  0  0  0  0  0  1  2  0  1  1  1  0  0  0 -1  1  2  0
 -1  1  2  1  2  0  0  1  1  1  1  2  2  1  1  1  1 -1  1  1  1  1  1  1
  0  0  0  0  2  2  0  1 -1 -1  0  1  1  2  3  1]"
dbscan,4,,,,,0.029600167204407404,10,0.0,correlation,5,0.9034161503301168,0.2775100033661116,6.0,cosine,0.986212402160639,"[0 1 1 1 1 2 1 1 0 1 0 0 1 1 1 1 0 1 0 0 1 0 3 1 3 1 3 1 1 0 1 1 0 1 0 1 0
 1 1 1 1 0 0 2 0 1 0 0 0 1 1 3 2 0 1 1 1 1 1 0 0 0 1 0 0 2 1 0 0 1 0 1 0 2
 2 1 0 2 3 1 2 1 1 1 0 1 1 0 2 0 2 1 1 1 1 0 2 0 1 3 1 1 0 1 1 2 1 0 1 1 0
 1 1 1 1 1 0 1 1 1 1 1 1 3 0 1 1 1 0 1 1 1 0 1 1 0 2 1 1 0 1 0 0 1 1 0 0 1
 1 1 1 0 2 0 2 0 2 0 2 1 1 0 2 1 2 0 2 1 0 1 1 0 3 0 1 0 0 2 0 2 2 1 0 1 0
 0 0 1 1 2 1 0 0 3 1 1 1 1 0 0 0 1 1 3 0 0 2 2 2 1 1 2 1 0 0 1 1 3 2 0 1 1
 0 0 0 3 2 0 0 1 0 1 0 1 1 0 0 1 2 1 1 1 1 0 1 1 0 1 1 1 0 1 1 1 1 1 0 1 1
 0 1 1 0 0 1 3 1 0 0 2 0 1 1 1 0 2 2 0 1 0 0 0 0 0 0 1 0 0 1 2 0 1 0 2 0 1
 2 1 0 0 1 1 1 0 1 1 0 0 0 1 2 1 1 0 2 0 0 1 1 0 1 1 0 1 1 1 0 1 1 0 3 1 1
 0 0 1 1 3 2 1 2 0 2 1 0 1 1 1 2 2 1 1 1 2 1 1 0 1 0 0 1 0 1 3 0 1 1 1 2 1
 0 0 1 1 0 1 0 0 1 1 0 0 2 2 0 1 1 0 1 2 0 1 0 1 0 0 0 1 1 1 0 1 0 2 0 1 2
 2 2 0 1 1 0 0 1 1 0 2 2 3 0 2 0 3 1 0 1 0 1 2 1 0 0 1 0 1 2 0 2 0 0 0 1 1
 2 1 1 2 0 0 1 1 3 2 1 0 1 1 1 1 1 1 2 2 1 1 1 1 3 1 0 2 0 0 0 1 0 0 2 1 1
 0 0 2 1 0 0 0 0 1 0 3 1 0 0 1 1 0 0 1 3 1 0 1 1 0 0 0 0 2 0 1 1 1 0 1 0 1
 1 1 1 0 3 2 0 0 2 2 1 0 1 1 1 1 0 0 2 3 1 1 1 0 0 0 0 0 3 1 2 0 0 1 0 1 3
 1 0 0 0 0 0 1 3 2 0 1 1 1 2 0 2 1 1 0 1 0 1 0 0 1 0 1 1 1 1 1 0 2 1 0 0 1
 1 1 1 1 2 0 2 2 3 0 1 0 1 1 3 1 0 0 2 0 1 0 2 1 1 0 1 1 1 0 0 0 1 1 0 1 2
 1 0 0 2 2 1 1 0 0 0 1 1 0 0 0 1 1 1 1 0 1 2 1 0 2 1 0 0 0 3 1 1 1 0 1 1 1
 0 1 0 0 1 0 2 0 2 1 1 1 3 1 0 2 0 2 1 0 0 1 1 1 2 0 0 1 0 1 1 0 2 0 2 0 1
 0 1 3 2 1 1 0 2 1 0 1 1 0 2 1 0 1 1 1 0 0 0 0 1 0 1 0 1 1 2 1 0 0 2 1 0 0
 0 0 0 0 0 1 0 0 0 0 1 1 1 2 1 0 1 2 1 0 0 1 0 2 2 3 1 0 1 1 1 1 1 1 2 2 1
 1 0 2 0 0 0 1 1 1 1 1 1 1 0 1 1 2 2 1 1 2 2 1 0 0 0 0 0 1 1 2 1 1 0 1 1 0
 0 1 0 1 0 1 0 1 1 0 1 0 0 1 0 2 1 1 3 1 0 1 1 2 0 0 2 2 0 0 1 2 1 0 2 0 0
 0 1 3 1 0 2 2 0 0 0 1 0 0 1 2 0 0 1 2 0 1 2 1 0 2 1 0 2 3 1 3 1 0 0 1 1 1
 2 1 2 0 0 0 1 0 1 0 2 1 3 0 0 1 1 2 1 1 0 0 1 1 1 1 2 1 2 0 0 0 3 1 1 2 0
 1 1 1 1 1 0 0 1 0 0 1 0 0 0 1 1 0 0 0 0 0 0 1 2 0 1 1 1 0 0 0 0 1 2 0 1 1
 2 1 2 0 0 1 1 1 1 2 2 1 1 1 1 1 1 1 1 1 1 1 0 0 0 0 2 2 0 1 0 1 0 1 1 2 3
 1]"
dbscan,4,,,,,0.029004224270937514,10,0.0,cosine,5,0.8982446927374301,0.22046631569066164,6.0,correlation,0.9433855259638698,"[0 1 1 1 1 2 1 1 0 1 0 0 1 1 1 1 0 1 0 0 1 0 3 1 3 1 3 1 1 0 1 1 0 1 0 1 1
 1 1 1 1 1 0 2 1 1 0 0 1 1 1 3 2 1 1 1 1 1 1 0 0 0 1 0 1 2 1 1 0 1 1 1 0 2
 2 1 0 2 3 1 2 1 1 1 1 1 1 0 2 0 2 1 1 1 1 0 2 0 1 3 1 1 1 1 1 2 1 0 1 1 0
 1 1 1 1 1 0 1 1 1 1 1 1 3 1 1 1 1 1 1 1 1 1 1 1 1 2 1 1 0 1 0 0 1 1 0 0 1
 1 1 1 0 2 0 2 0 2 1 2 1 1 0 2 1 2 1 2 1 0 1 1 1 3 0 1 0 1 2 1 2 2 1 1 1 1
 0 0 1 1 2 1 1 1 3 1 1 1 1 0 1 0 1 1 3 0 0 2 2 2 1 1 2 1 0 0 1 1 3 2 1 1 1
 1 0 0 3 2 1 0 1 1 1 0 1 1 1 0 1 2 1 1 1 1 0 1 1 0 1 1 1 0 1 1 1 1 1 0 1 1
 0 1 1 0 0 1 3 1 0 0 2 0 1 1 1 0 2 2 0 1 0 0 1 0 0 0 1 1 0 1 2 0 1 0 2 0 1
 2 1 0 0 1 1 1 0 1 1 0 0 1 1 2 1 1 1 2 1 0 1 1 1 1 1 0 1 1 1 0 1 1 1 3 1 1
 0 0 1 1 3 2 1 2 0 2 1 0 1 1 1 2 2 1 1 1 2 1 1 0 1 0 0 1 0 1 3 1 1 1 1 2 1
 1 1 1 1 0 1 0 0 1 1 0 0 2 2 0 1 1 1 1 2 1 1 1 1 0 0 1 1 1 1 0 1 0 2 0 1 2
 2 2 1 1 1 0 1 1 1 1 2 2 3 0 2 1 3 1 1 1 1 1 2 1 1 1 1 0 1 2 0 2 0 1 0 1 1
 2 1 1 2 0 0 1 1 3 2 1 1 1 1 1 1 1 1 2 2 1 1 1 1 3 1 0 2 1 0 0 1 1 0 2 1 1
 0 1 2 1 1 0 0 0 1 1 3 1 1 1 1 1 0 0 1 3 1 0 1 1 1 0 0 0 2 0 1 1 1 0 1 0 1
 1 1 1 0 3 2 1 1 2 2 1 0 1 1 1 1 0 1 2 3 1 1 1 1 1 0 0 0 3 1 2 0 0 1 1 1 3
 1 0 0 0 1 0 1 3 2 1 1 1 1 2 0 2 1 1 1 1 0 1 0 1 1 0 1 1 1 1 1 0 2 1 0 1 1
 1 1 1 1 2 0 2 2 3 1 1 0 1 1 3 1 0 1 2 0 1 0 2 1 1 0 1 1 1 1 0 0 1 1 0 1 2
 1 1 1 2 2 1 1 0 0 0 1 1 0 0 0 1 1 1 1 1 1 2 1 0 2 1 0 1 0 3 1 1 1 0 1 1 1
 1 1 1 0 1 0 2 0 2 1 1 1 3 1 0 2 0 2 1 1 0 1 1 1 2 1 0 1 1 1 1 1 2 0 2 1 1
 0 1 3 2 1 1 0 2 1 0 1 1 1 2 1 0 1 1 1 1 0 0 1 1 0 1 0 1 1 2 1 1 1 2 1 0 0
 1 0 0 0 1 1 1 1 0 1 1 1 1 2 1 0 1 2 1 0 1 1 1 2 2 3 1 0 1 1 1 1 1 1 2 2 1
 1 0 2 0 0 0 1 1 1 1 1 1 1 0 1 1 2 2 1 1 2 2 1 0 0 0 1 0 1 1 2 1 1 0 1 1 0
 0 1 0 1 1 1 0 1 1 1 1 0 0 1 1 2 1 1 3 1 0 1 1 2 1 1 2 2 0 1 1 2 1 1 2 0 0
 1 1 3 1 0 2 2 1 0 0 1 0 1 1 2 0 0 1 2 1 1 2 1 1 2 1 1 2 3 1 3 1 1 0 1 1 1
 2 1 2 1 0 1 1 1 1 0 2 1 3 0 1 1 1 2 1 1 0 0 1 1 1 1 2 1 2 0 1 0 3 1 1 2 0
 1 1 1 1 1 0 0 1 1 0 1 0 0 0 1 1 0 0 0 1 0 0 1 2 1 1 1 1 0 0 0 0 1 2 0 1 1
 2 1 2 0 1 1 1 1 1 2 2 1 1 1 1 1 1 1 1 1 1 1 1 1 1 0 2 2 0 1 1 1 0 1 1 2 3
 1]"
dbscan,4,,,,,0.03433821562555664,25,0.0,correlation,5,0.8996686486486487,0.2653352518806888,6.0,correlation,0.9991840288591877,"[0 1 1 1 1 2 1 1 0 1 0 0 1 1 1 1 0 1 0 0 1 0 3 1 3 1 3 1 1 0 1 1 0 1 0 1 0
 1 1 1 1 0 0 2 0 1 0 0 0 1 1 3 2 0 1 1 1 1 1 0 0 0 1 0 0 2 1 0 0 1 0 1 0 2
 2 1 0 2 3 1 2 1 1 1 0 1 1 0 2 0 2 1 1 1 1 0 2 0 1 3 1 1 0 1 1 2 1 0 1 1 0
 1 1 1 1 1 0 1 1 1 1 1 1 3 0 1 1 1 0 1 1 1 0 1 1 0 2 1 1 0 1 0 0 1 1 0 0 1
 1 1 1 0 2 0 2 0 2 0 2 1 1 0 2 1 2 0 2 1 0 1 1 0 3 0 1 0 0 2 0 2 2 1 0 1 0
 0 0 1 1 2 1 0 0 3 1 1 1 1 0 0 0 1 1 3 0 0 2 2 2 1 1 2 1 0 0 1 1 3 2 0 1 1
 0 0 0 3 2 0 0 1 0 1 0 1 1 0 0 1 2 1 1 1 1 0 1 1 0 1 1 1 0 1 1 1 1 1 0 1 1
 0 1 1 0 0 1 3 1 0 0 2 0 1 1 1 0 2 2 0 1 0 0 0 0 0 0 1 0 0 1 2 0 1 0 2 0 1
 2 1 0 0 1 1 1 0 1 1 0 0 0 1 2 1 1 0 2 0 0 1 1 0 1 1 0 1 1 1 0 1 1 0 3 1 1
 0 0 1 1 3 2 1 2 0 2 1 0 1 1 1 2 2 1 1 1 2 1 1 0 1 0 0 1 0 1 3 0 1 1 1 2 1
 0 0 1 1 0 1 0 0 1 1 0 0 2 2 0 1 1 0 1 2 0 1 0 1 0 0 0 1 1 1 0 1 0 2 0 1 2
 2 2 0 1 1 0 0 1 1 0 2 2 3 0 2 0 3 1 0 1 0 1 2 1 0 0 1 0 1 2 0 2 0 0 0 1 1
 2 1 1 2 0 0 1 1 3 2 1 0 1 1 1 1 1 1 2 2 1 1 1 1 3 1 0 2 0 0 0 1 0 0 2 1 1
 0 0 2 1 0 0 0 0 1 0 3 1 0 0 1 1 0 0 1 3 1 0 1 1 0 0 0 0 2 0 1 1 1 0 1 0 1
 1 1 1 0 3 2 0 0 2 2 1 0 1 1 1 1 0 0 2 3 1 1 1 0 0 0 0 0 3 1 2 0 0 1 0 1 3
 1 0 0 0 0 0 1 3 2 0 1 1 1 2 0 2 1 1 0 1 0 1 0 0 1 0 1 1 1 1 1 0 2 1 0 0 1
 1 1 1 1 2 0 2 2 3 0 1 0 1 1 3 1 0 0 2 0 1 0 2 1 1 0 1 1 1 0 0 0 1 1 0 1 2
 1 0 1 2 2 1 1 0 0 0 1 1 0 0 0 1 1 1 1 0 1 2 1 0 2 1 0 0 0 3 1 1 1 0 1 1 1
 0 1 0 0 1 0 2 0 2 1 1 1 3 1 0 2 0 2 1 0 0 1 1 1 2 0 0 1 0 1 1 0 2 0 2 0 1
 0 1 3 2 1 1 0 2 1 0 1 1 0 2 1 0 1 1 1 0 0 0 0 1 0 1 0 1 1 2 1 0 0 2 1 0 0
 0 0 0 0 0 1 0 0 0 0 1 1 1 2 1 0 1 2 1 0 0 1 0 2 2 3 1 0 1 1 1 1 1 1 2 2 1
 1 0 2 0 0 0 1 1 1 1 1 1 1 0 1 1 2 2 1 1 2 0 1 0 0 0 0 0 1 1 2 1 1 0 1 1 0
 0 1 0 1 0 1 0 1 1 0 1 0 0 1 0 2 1 1 3 1 0 1 1 2 0 0 2 2 0 0 1 2 1 0 2 0 0
 0 1 3 1 0 2 2 0 0 0 1 0 0 1 2 0 0 1 2 0 1 2 1 0 2 1 0 2 3 1 3 1 0 0 1 1 1
 2 1 2 0 0 0 1 0 1 0 2 1 3 0 0 1 1 2 1 1 0 0 1 1 1 1 2 1 2 0 0 0 3 1 1 2 0
 1 1 1 1 1 0 0 1 0 0 1 0 0 0 1 1 0 0 0 0 0 0 1 2 0 1 1 1 0 0 0 0 1 2 0 1 1
 2 1 2 0 0 1 1 1 1 2 2 1 1 1 1 1 1 1 1 1 1 1 0 0 0 0 2 2 0 1 0 1 0 1 1 2 3
 1]"
dbscan,7,,,,,0.025124563997532982,25,0.0,cosine,5,0.9052250311850312,0.3247491983148681,5.0,chebyshev,0.9318507992924853,"[0 1 1 1 1 2 1 1 0 1 3 0 1 1 1 1 0 1 3 0 1 3 4 1 4 1 4 1 1 0 1 1 0 1 3 1 5
 1 1 1 1 5 0 2 5 1 0 0 5 1 1 4 6 5 1 1 1 1 1 3 0 3 1 0 5 2 1 5 0 1 5 1 0 2
 2 1 0 6 4 1 6 1 1 1 5 1 1 0 6 0 2 1 1 1 1 3 6 0 1 4 1 1 5 1 1 6 1 3 1 1 3
 1 1 1 1 1 0 1 1 1 1 1 1 4 5 1 1 1 5 1 1 1 5 1 1 5 2 1 1 0 1 0 0 1 1 0 0 1
 1 1 1 0 6 0 2 3 2 5 6 1 1 0 2 1 2 5 6 1 3 1 1 5 4 0 1 3 5 6 5 2 6 1 5 1 5
 0 3 1 1 6 1 5 5 4 1 1 1 1 3 5 3 1 1 4 3 0 2 2 2 1 1 2 1 0 3 1 1 4 2 5 1 1
 5 3 0 4 6 5 0 1 5 1 3 1 1 5 0 1 6 1 1 1 1 0 1 1 0 1 1 1 0 1 1 1 1 1 0 1 1
 0 1 1 3 3 1 4 1 3 0 6 0 1 1 1 0 6 6 0 1 0 0 5 0 0 3 1 5 0 1 2 0 1 0 6 0 1
 2 1 3 0 1 1 1 3 1 1 0 3 5 1 2 1 1 5 2 5 3 1 1 5 1 1 0 1 1 1 0 1 1 5 4 1 1
 0 3 1 1 4 2 1 6 0 6 1 0 1 1 1 6 2 1 1 1 2 1 1 3 1 0 0 1 0 1 4 5 1 1 1 6 1
 5 5 1 1 0 1 3 0 1 1 0 3 6 6 3 1 1 5 1 2 5 1 5 1 3 3 5 1 1 1 0 1 0 2 3 1 6
 2 6 5 1 1 0 5 1 1 5 6 2 4 0 2 5 4 1 5 1 5 1 6 1 5 5 1 3 1 6 0 6 0 5 0 1 1
 2 1 1 6 0 0 1 1 4 6 1 5 1 1 1 1 1 1 6 2 1 1 1 1 4 1 0 2 5 0 3 1 5 0 6 1 1
 0 5 2 1 5 3 0 3 1 5 4 1 5 5 1 1 0 0 1 4 1 0 1 1 5 0 0 0 2 0 1 1 1 0 1 0 1
 1 1 1 3 4 2 1 5 2 6 1 0 1 1 1 1 0 5 2 4 1 1 1 5 5 0 3 0 4 1 6 0 0 1 5 1 4
 1 3 0 3 5 3 1 4 6 5 1 1 1 6 0 6 1 1 5 1 0 1 0 5 1 3 1 1 1 1 1 0 6 1 3 5 1
 1 1 1 1 2 3 2 6 4 5 1 0 1 1 4 1 0 5 2 3 1 3 6 1 1 3 1 1 1 5 3 0 1 1 0 1 6
 1 5 1 6 6 1 1 0 3 3 1 1 0 0 0 1 1 1 1 5 1 6 1 3 2 1 0 5 3 4 1 1 1 0 1 1 1
 5 1 5 0 1 0 6 0 6 1 1 1 4 1 0 2 3 6 1 5 0 1 1 1 2 5 0 1 5 1 1 5 2 3 6 5 1
 0 1 4 6 1 1 0 2 1 0 1 1 5 2 1 3 1 1 1 5 0 3 5 1 3 1 0 1 1 6 1 5 5 6 1 3 3
 5 0 0 3 5 1 5 5 0 5 1 1 1 2 1 0 1 6 1 3 5 1 3 2 2 4 1 3 1 1 1 1 1 1 6 2 1
 1 3 6 3 3 3 1 1 1 1 1 1 1 0 1 1 6 6 1 1 2 6 1 3 3 3 5 0 1 1 2 1 1 0 1 1 0
 0 1 0 1 5 1 0 1 1 5 1 3 0 1 5 6 1 1 4 1 3 1 1 2 5 5 2 6 0 5 1 2 1 5 2 0 0
 5 1 4 1 0 6 2 5 0 0 1 0 5 1 6 3 0 1 6 5 1 2 1 5 2 1 5 6 4 1 4 1 5 3 1 1 1
 2 1 2 5 3 5 1 5 1 3 6 1 4 3 5 1 1 2 1 1 0 3 1 1 1 1 2 1 6 3 5 0 4 1 1 6 0
 1 1 1 1 1 3 0 1 5 0 1 0 0 0 1 1 0 0 0 5 3 3 1 2 5 1 1 1 0 0 0 3 1 6 0 1 1
 6 1 2 0 5 1 1 1 1 2 6 1 1 1 1 1 1 1 1 1 1 1 5 5 5 3 6 2 0 1 1 1 0 1 1 6 4
 1]"
dbscan,4,,,,,0.03889677105606543,50,0.0,correlation,5,0.8991106111411574,0.27132633597280187,6.0,correlation,0.9990076172518132,"[0 1 1 1 1 2 1 1 0 1 0 0 1 1 1 1 0 1 0 0 1 0 3 1 3 1 3 1 1 0 1 1 0 1 0 1 0
 1 1 1 1 0 0 2 0 1 0 0 0 1 1 3 2 0 1 1 1 1 1 0 0 0 1 0 0 2 1 0 0 1 0 1 0 2
 2 1 0 2 3 1 2 1 1 1 0 1 1 0 2 0 2 1 1 1 1 0 2 0 1 3 1 1 0 1 1 2 1 0 1 1 0
 1 1 1 1 1 0 1 1 1 1 1 1 3 0 1 1 1 0 1 1 1 0 1 1 0 2 1 1 0 1 0 0 1 1 0 0 1
 1 1 1 0 2 0 2 0 2 0 2 1 1 0 2 1 2 0 2 1 0 1 1 0 3 0 1 0 0 2 0 2 2 1 0 1 0
 0 0 1 1 2 1 0 0 3 1 1 1 1 0 0 0 1 1 3 0 0 2 2 2 1 1 2 1 0 0 1 1 3 2 0 1 1
 0 0 0 3 2 0 0 1 0 1 0 1 1 0 0 1 2 1 1 1 1 0 1 1 0 1 1 1 0 1 1 1 1 1 0 1 1
 0 1 1 0 0 1 3 1 0 0 2 0 1 1 1 0 2 2 0 1 0 0 0 0 0 0 1 0 0 1 2 0 1 0 2 0 1
 2 1 0 0 1 1 1 0 1 1 0 0 0 1 2 1 1 0 2 0 0 1 1 0 1 1 0 1 1 1 0 1 1 0 3 1 1
 0 0 1 1 3 2 1 2 0 2 1 0 1 1 1 2 2 1 1 1 2 1 1 0 1 0 0 1 0 1 3 0 1 1 1 2 1
 0 0 1 1 0 1 0 0 1 1 0 0 2 2 0 1 1 0 1 2 0 1 0 1 0 0 0 1 1 1 0 1 0 2 0 1 2
 2 2 0 1 1 0 0 1 1 0 2 2 3 0 2 0 3 1 0 1 0 1 2 1 0 0 1 0 1 2 0 2 0 0 0 1 1
 2 1 1 2 0 0 1 1 3 2 1 0 1 1 1 1 1 1 2 2 1 1 1 1 3 1 0 2 0 0 0 1 0 0 2 1 1
 0 0 2 1 0 0 0 0 1 0 3 1 0 0 1 1 0 0 1 3 1 0 1 1 0 0 0 0 2 0 1 1 1 0 1 0 1
 1 1 1 0 3 2 0 0 2 2 1 0 1 1 1 1 0 0 2 3 1 1 1 0 0 0 0 0 3 1 2 0 0 1 0 1 3
 1 0 0 0 0 0 1 3 2 0 1 1 1 2 0 2 1 1 0 1 0 1 0 0 1 0 1 1 1 1 1 0 2 1 0 0 1
 1 1 1 1 2 0 2 2 3 0 1 0 1 1 3 1 0 0 2 0 1 0 2 1 1 0 1 1 1 0 0 0 1 1 0 1 2
 1 0 0 2 2 1 1 0 0 0 1 1 0 0 0 1 1 1 1 0 1 2 1 0 2 1 0 0 0 3 1 1 1 0 1 1 1
 0 1 0 0 1 0 2 0 2 1 1 1 3 1 0 2 0 2 1 0 0 1 1 1 2 0 0 1 0 1 1 0 2 0 2 0 1
 0 1 3 2 1 1 0 2 1 0 1 1 0 2 1 0 1 1 1 0 0 0 0 1 0 1 0 1 1 2 1 0 0 2 1 0 0
 0 0 0 0 0 1 0 0 0 0 1 1 1 2 1 0 1 2 1 0 0 1 0 2 2 3 1 0 1 1 1 1 1 1 2 2 1
 1 0 2 0 0 0 1 1 1 1 1 1 1 0 1 1 2 2 1 1 2 2 1 0 0 0 0 0 1 1 2 1 1 0 1 1 0
 0 1 0 1 0 1 0 1 1 0 1 0 0 1 0 2 1 1 3 1 0 1 1 2 0 0 2 2 0 0 1 2 1 0 2 0 0
 0 1 3 1 0 2 2 0 0 0 1 0 0 1 2 0 0 1 2 0 1 2 1 0 2 1 0 2 3 1 3 1 0 0 1 1 1
 2 1 2 0 0 0 1 0 1 0 2 1 3 0 0 1 1 2 1 1 0 0 1 1 1 1 2 1 2 0 0 0 3 1 1 2 0
 1 1 1 1 1 0 0 1 0 0 1 0 0 0 1 1 0 0 0 0 0 0 1 2 0 1 1 1 0 0 0 0 1 2 0 1 1
 2 1 2 0 0 1 1 1 1 2 2 1 1 1 1 1 1 1 1 1 1 1 0 0 0 0 2 2 0 1 0 1 0 1 1 2 3
 1]"
dbscan,5,,,,,0.029828703956827556,50,0.0,cosine,5,0.8990470308274743,0.645324009008974,6.0,chebyshev,0.947783300049124,"[ 0  1  1  1  1  2  1  1  0  1  0  0  1  1  1  1  0  1  0  0  1  0  3  1
  3  1  3  1  1  0  1  1  0  1  0  1  4  1  1  1  1  4  0  2  4  1  0  0
  4  1  1  3  2  4  1  1  1  1  1  0  0  0  1  0  4  2  1  4  0  1  4  1
  0  2  2  1  0  2  3  1  2  1  1  1  4  1  1  0  2  0  2  1  1  1  1  0
  2  0  1  3  1  1  4  1  1  2  1  0  1  1  0  1  1  1  1  1  0  1  1  1
  1  1  1  3  4  1  1  1  4  1  1  1  4  1  1  4  2  1  1  0  1  0  0  1
  1  0  0  1  1  1  1  0  2  0  2  0  2  4  2  1  1  0  2  1  2  4  2  1
  0  1  1  4  3  0  1  0  4  2  4  2  2  1  4  1  4  0  0  1  1  2  1  4
  4  3  1  1  1  1  0  4  0  1  1  3  0  0  2  2  2  1  1  2  1  0  0  1
  1  3  2  4  1  1  4  0  0  3  2  4  0  1  4  1  0  1  1  4  0  1  2  1
  1  1  1  0  1  1  0  1  1  1  0  1  1  1  1  1  0  1  1  0  1  1  0  0
  1  3  1  0  0  2  0  1  1  1  0  2  2  0  1  0  0  4  0  0  0  1  4  0
  1  2  0  1  0  2  0  1  2  1  0  0  1  1  1  0  1  1  0  0  4  1  2  1
  1  4  2  4  0  1  1  4  1  1  0  1  1  1  0  1  1  4  3  1  1  0  0  1
  1  3  2  1  2  0  2  1  0  1  1  1  2  2  1  1  1  2  1  1  0  1  0  0
  1  0  1  3  4  1  1  1  2  1  4  4  1  1  0  1  0  0  1  1  0  0  2  2
  0  1  1  4  1  2  4  1  4  1  0  0  4  1  1  1  0  1  0  2  0  1  2  2
  2  0  1  1  0  4  1  1  4  2  2  3  0  2  4  3  1  4  1  4  1  2  1  4
  4  1  0  1  2  0  2  0  4  0  1  1  2  1  1  2  0  0  1  1  3  2  1  4
  1  1  1  1  1  1  2  2  1  1  1  1  3  1  0  2  4  0  0  1  4  0  2  1
  1  0  4  2  1  4  0  0  0  1  4  3  1  4  4  1  1  0  0  1  3  1  0  1
  1  4  0  0  0  2  0  1  1  1  0  1  0  1  1  1  1  0  3  2 -1  4  2  2
  1  0  1  1  1  1  0  4  2  3  1  1  1  4  4  0  0  0  3  1  2  0  0  1
  4  1  3  1  0  0  0  4  0  1  3  2  4  1  1  1  2  0  2  1  1  4  1  0
  1  0  4  1  0  1  1  1  1  1  0  2  1  0  4  1  1  1  1  1  2  0  2  2
  3  4  1  0  1 -1  3  1  0  0  2  0  1  0  2  1  1  0  1  1  1  4  0  0
  1  1  0  1  2  1  4  1  2  2  1  1  0  0  0  1  1  0  0  0  1  1  1  1
  4  1  2  1  0  2  1  0  4  0  3  1  1  1  0  1  1  1  4  1  4  0  1  0
  2  0  2  1  1  1  3  1  0  2  0  2  1  4  0  1  1  1  2  4  0  1  0  1
  1  4  2  0  2  4  1  0  1  3  2  1  1  0  2  1  0  1  1  4  2  1  0  1
  1  1  4  0  0  4  1  0  1  0  1  1  2  1  4  4  2  1  0  0  4  0  0  0
  4  1  4  4  0  4  1  1  1  2  1  0  1  2  1  0  4  1  0  2  2  3  1  0
  1  1  1  1  1  1  2  2  1  1  0  2  0  0  0  1  1  1  1  1  1  1  0  1
  1  2  2  1  1  2  2  1  0  0  0  4  0  1  1  2  1  1  0  1  1  0  0  1
  0  1  4  1  0  1  1  4  1  0  0  1  4  2  1  1  3  1  0  1  1  2  4  4
  2  2  0  4  1  2  1  4  2  0  0  4  1  3  1  0  2  2  4  0  0  1  0  4
  1  2  0  0  1  2  4  1  2  1  4  2  1  4  2  3  1  3  1  4  0  1  1  1
  2  1  2  4  0  4  1  4  1  0  2  1  3  0  4  1  1  2  1  1  0  0  1  1
  1  1  2  1  2  0  4  0  3  1  1  2  0  1  1  1  1  1  0  0  1  4  0  1
  0  0  0  1  1  0  0  0  4  0  0  1  2  4  1  1  1  0  0  0  0  1  2  0
 -1  1  2  1  2  0  4  1  1  1  1  2  2  1  1  1  1 -1  1  1  1  1  1  1
  4  4  4  0  2  2  0  1  1 -1  0  1  1  2  3  1]"
dbscan,4,,,,,0.035613407777261824,100,0.0,correlation,5,0.8982144673337257,0.26706598670763915,6.0,cosine,0.9975033634442293,"[0 1 1 1 1 2 1 1 0 1 0 0 1 1 1 1 0 1 0 0 1 0 3 1 3 1 3 1 1 0 1 1 0 1 0 1 0
 1 1 1 1 0 0 2 0 1 0 0 0 1 1 3 2 0 1 1 1 1 1 0 0 0 1 0 0 2 1 0 0 1 0 1 0 2
 2 1 0 2 3 1 2 1 1 1 0 1 1 0 2 0 2 1 1 1 1 0 2 0 1 3 1 1 0 1 1 2 1 0 1 1 0
 1 1 1 1 1 0 1 1 1 1 1 1 3 0 1 1 1 0 1 1 1 0 1 1 0 2 1 1 0 1 0 0 1 1 0 0 1
 1 1 1 0 2 0 2 0 2 0 2 1 1 0 2 1 2 0 2 1 0 1 1 0 3 0 1 0 0 2 0 2 2 1 0 1 0
 0 0 1 1 2 1 0 0 3 1 1 1 1 0 0 0 1 1 3 0 0 2 2 2 1 1 2 1 0 0 1 1 3 2 0 1 1
 0 0 0 3 2 0 0 1 0 1 0 1 1 0 0 1 2 1 1 1 1 0 1 1 0 1 1 1 0 1 1 1 1 1 0 1 1
 0 1 1 0 0 1 3 1 0 0 2 0 1 1 1 0 2 2 0 1 0 0 0 0 0 0 1 0 0 1 2 0 1 0 2 0 1
 2 1 0 0 1 1 1 0 1 1 0 0 0 1 2 1 1 0 2 0 0 1 1 0 1 1 0 1 1 1 0 1 1 0 3 1 1
 0 0 1 1 3 2 1 2 0 2 1 0 1 1 1 2 2 1 1 1 2 1 1 0 1 0 0 1 0 1 3 0 1 1 1 2 1
 0 0 1 1 0 1 0 0 1 1 0 0 2 2 0 1 1 0 1 2 0 1 0 1 0 0 0 1 1 1 0 1 0 2 0 1 2
 2 2 0 1 1 0 0 1 1 0 2 2 3 0 2 0 3 1 0 1 0 1 2 1 0 0 1 0 1 2 0 2 0 0 0 1 1
 2 1 1 2 0 0 1 1 3 2 1 0 1 1 1 1 1 1 2 2 1 1 1 1 3 1 0 2 0 0 0 1 0 1 2 1 1
 0 0 2 1 0 0 0 0 1 0 3 1 0 0 1 1 0 0 1 3 1 0 1 1 0 0 0 0 2 0 1 1 1 0 1 0 1
 1 1 1 0 3 2 0 0 2 2 1 0 1 1 1 1 0 0 2 3 1 1 1 0 0 0 0 0 3 1 2 0 0 1 0 1 3
 1 0 0 0 0 0 1 3 2 0 1 1 1 2 0 2 1 1 0 1 0 1 0 0 1 0 1 1 1 1 1 0 2 1 0 0 1
 1 1 1 1 2 0 2 2 3 0 1 0 1 1 3 1 0 0 2 0 1 0 2 1 1 0 1 1 1 0 0 0 1 1 0 1 2
 1 0 1 2 2 1 1 0 0 0 1 1 0 0 0 1 1 1 1 0 1 2 1 0 2 1 0 0 0 3 1 1 1 0 1 1 1
 0 1 0 0 1 0 2 0 2 1 1 1 3 1 0 2 0 2 1 0 0 1 1 1 2 0 0 1 0 1 1 0 2 0 2 0 1
 0 1 3 2 1 1 0 2 1 0 1 1 0 2 1 0 1 1 1 0 0 0 0 1 0 1 0 1 1 2 1 0 0 2 1 0 0
 0 0 0 0 0 1 0 0 0 0 1 1 1 2 1 0 1 2 1 0 0 1 0 2 2 3 1 0 1 1 1 1 1 1 2 2 1
 1 0 2 0 0 0 1 1 1 1 1 1 1 0 1 1 2 2 1 1 2 0 1 0 0 0 0 0 1 1 2 1 1 0 1 1 0
 0 1 0 1 0 1 0 1 1 0 1 0 0 1 0 2 1 1 3 1 0 1 1 2 0 0 2 2 0 0 1 2 1 0 2 0 0
 0 1 3 1 1 2 2 0 0 0 1 0 0 1 2 0 0 1 2 0 1 2 1 0 2 1 0 2 3 1 3 1 0 0 1 1 1
 2 1 2 0 0 0 1 0 1 0 2 1 3 0 0 1 1 2 1 1 0 0 1 1 1 1 2 1 2 0 0 0 3 1 1 2 0
 1 1 1 1 1 0 0 1 0 0 1 0 0 0 1 1 0 0 0 0 0 0 1 2 0 1 1 1 0 0 0 0 1 2 0 1 1
 2 1 2 0 0 1 1 1 1 2 2 1 1 1 1 1 1 1 1 1 1 1 0 0 0 0 2 2 0 1 0 1 0 1 1 2 3
 1]"
dbscan,3,,,,,0.027438026045911713,100,0.0,cosine,5,0.8937035197174809,0.3888357909041731,6.0,correlation,0.9686853406252292,"[0 1 1 1 1 1 1 1 0 1 0 0 1 1 1 1 0 1 0 0 1 0 2 1 2 1 2 1 1 0 1 1 0 1 0 1 1
 1 1 1 1 1 0 1 1 1 0 0 1 1 1 2 1 1 1 1 1 1 1 0 0 0 1 0 1 1 1 1 0 1 1 1 0 1
 1 1 0 1 2 1 1 1 1 1 1 1 1 0 1 0 1 1 1 1 1 0 1 0 1 2 1 1 1 1 1 1 1 0 1 1 0
 1 1 1 1 1 0 1 1 1 1 1 1 2 1 1 1 1 1 1 1 1 1 1 1 1 1 1 1 0 1 0 0 1 1 0 0 1
 1 1 1 0 1 0 1 0 1 1 1 1 1 0 1 1 1 1 1 1 0 1 1 1 2 0 1 0 1 1 1 1 1 1 1 1 1
 0 0 1 1 1 1 1 1 2 1 1 1 1 0 1 0 1 1 2 0 0 1 1 1 1 1 1 1 0 0 1 1 2 1 1 1 1
 1 0 0 2 1 1 0 1 1 1 0 1 1 1 0 1 1 1 1 1 1 0 1 1 0 1 1 1 0 1 1 1 1 1 0 1 1
 0 1 1 0 0 1 2 1 0 0 1 0 1 1 1 0 1 1 0 1 0 0 1 0 0 0 1 1 0 1 1 0 1 0 1 0 1
 1 1 0 0 1 1 1 0 1 1 0 0 1 1 1 1 1 1 1 1 0 1 1 1 1 1 0 1 1 1 0 1 1 1 2 1 1
 0 0 1 1 2 1 1 1 0 1 1 0 1 1 1 1 1 1 1 1 1 1 1 0 1 0 0 1 0 1 2 1 1 1 1 1 1
 1 1 1 1 0 1 0 0 1 1 0 0 1 1 0 1 1 1 1 1 1 1 1 1 0 0 1 1 1 1 0 1 0 1 0 1 1
 1 1 0 1 1 0 1 1 1 1 1 1 2 0 1 1 2 1 1 1 1 1 1 1 1 1 1 0 1 1 0 1 0 1 0 1 1
 1 1 1 1 0 0 1 1 2 1 1 1 1 1 1 1 1 1 1 1 1 1 1 1 2 1 0 1 1 0 0 1 1 0 1 1 1
 0 1 1 1 1 0 0 0 1 1 2 1 1 1 1 1 0 0 1 2 1 0 1 1 1 0 0 0 1 0 1 1 1 0 1 0 1
 1 1 1 0 2 1 1 1 1 1 1 0 1 1 1 1 0 1 1 2 1 1 1 1 1 0 0 0 2 1 1 0 0 1 1 1 2
 1 0 0 0 1 0 1 2 1 1 1 1 1 1 0 1 1 1 1 1 0 1 0 1 1 0 1 1 1 1 1 0 1 1 0 1 1
 1 1 1 1 1 0 1 1 2 1 1 0 1 1 2 1 0 1 1 0 1 0 1 1 1 0 1 1 1 1 0 0 1 1 0 1 1
 1 1 1 1 1 1 1 0 0 0 1 1 0 0 0 1 1 1 1 1 1 1 1 0 1 1 0 1 0 2 1 1 1 0 1 1 1
 1 1 1 0 1 0 1 0 1 1 1 1 2 1 0 1 0 1 1 1 0 1 1 1 1 1 0 1 0 1 1 1 1 0 1 1 1
 0 1 2 1 1 1 0 1 1 0 1 1 1 1 1 0 1 1 1 1 0 0 1 1 0 1 0 1 1 1 1 1 1 1 1 0 0
 1 0 0 0 1 1 1 1 0 1 1 1 1 1 1 0 1 1 1 0 1 1 0 1 1 2 1 0 1 1 1 1 1 1 1 1 1
 1 0 1 0 0 0 1 1 1 1 1 1 1 0 1 1 1 1 1 1 1 1 1 0 0 0 1 0 1 1 1 1 1 0 1 1 0
 0 1 0 1 1 1 0 1 1 1 1 0 0 1 1 1 1 1 2 1 0 1 1 1 1 1 1 1 0 1 1 1 1 1 1 0 0
 1 1 2 1 0 1 1 1 0 0 1 0 1 1 1 0 0 1 1 1 1 1 1 1 1 1 1 1 2 1 2 1 1 0 1 1 1
 1 1 1 1 0 1 1 1 1 0 1 1 2 0 1 1 1 1 1 1 0 0 1 1 1 1 1 1 1 0 1 0 2 1 1 1 0
 1 1 1 1 1 0 0 1 1 0 1 0 0 0 1 1 0 0 0 1 0 0 1 1 1 1 1 1 0 0 0 0 1 1 0 1 1
 1 1 1 0 1 1 1 1 1 1 1 1 1 1 1 1 1 1 1 1 1 1 1 1 1 0 1 1 0 1 1 1 0 1 1 1 2
 1]"
dbscan,5,,,,,0.03945642997055867,200,0.0,correlation,5,0.8663074767691208,0.36047411707922106,6.0,chebyshev,0.8807282943975479,"[0 1 1 1 1 2 1 1 0 1 0 0 1 1 1 1 0 1 0 0 1 0 3 1 3 1 3 1 1 0 1 1 0 1 0 1 4
 1 1 1 1 4 0 2 4 1 0 0 4 1 1 3 2 4 1 1 1 1 1 0 0 0 1 0 4 2 1 4 0 1 4 1 0 2
 2 1 0 2 3 1 2 1 1 1 4 1 1 0 2 0 2 1 1 1 1 0 2 0 1 3 1 1 4 1 1 2 1 0 1 1 0
 1 1 1 1 1 0 1 1 1 1 1 1 3 4 1 1 1 4 1 1 1 4 1 1 4 2 1 1 0 1 0 0 1 1 0 0 1
 1 1 1 0 2 0 2 0 2 4 2 1 1 0 2 1 2 4 2 1 0 1 1 4 3 0 1 0 4 2 4 2 2 1 4 1 4
 0 0 1 1 2 1 4 4 3 1 1 1 1 0 4 0 1 1 3 0 4 2 2 2 1 1 2 1 0 0 1 1 3 2 4 1 1
 4 0 0 3 2 4 0 1 4 1 0 1 1 4 0 1 2 1 1 1 1 0 1 1 0 1 1 1 0 1 1 1 1 1 0 1 1
 0 1 1 0 0 1 3 1 0 0 2 0 1 1 1 0 2 2 0 1 0 0 4 0 0 0 1 4 0 1 2 0 1 0 2 0 1
 2 1 0 0 1 1 1 0 1 1 0 0 4 1 2 1 1 4 2 4 0 1 1 4 1 1 0 1 1 1 0 1 1 4 3 1 1
 0 0 1 1 3 2 1 2 0 2 1 0 1 1 1 2 2 1 1 1 2 1 1 0 1 0 0 1 0 1 3 4 1 1 1 2 1
 4 4 1 1 0 1 0 0 1 1 4 0 2 2 0 1 1 4 1 2 4 1 4 1 0 0 4 1 1 1 0 1 0 2 0 1 2
 2 2 0 1 1 0 4 1 1 4 2 2 3 0 2 4 3 1 4 1 4 1 2 1 4 4 1 0 1 2 0 2 0 4 0 1 1
 2 1 1 2 0 0 1 1 3 2 1 4 1 1 1 1 1 1 2 2 1 1 1 1 3 1 0 2 4 0 0 1 4 0 2 1 1
 0 4 2 1 4 0 0 0 1 4 3 1 4 4 1 1 0 0 1 3 1 0 1 1 4 0 0 0 2 0 1 1 1 0 1 0 1
 1 1 1 0 3 2 4 4 2 2 1 0 1 1 1 1 0 4 2 3 1 1 1 4 4 0 0 0 3 1 2 0 0 1 4 1 3
 1 0 0 0 4 0 1 3 2 4 1 1 1 2 0 2 1 1 4 1 0 1 0 4 1 0 1 1 1 1 1 0 2 1 0 4 1
 1 1 1 1 2 0 2 2 3 4 1 0 1 1 3 1 0 0 2 0 1 0 2 1 1 0 1 1 1 4 0 0 1 1 0 1 2
 1 4 4 2 2 1 1 0 0 0 1 1 0 0 0 1 1 1 1 4 1 2 1 0 2 1 0 4 0 3 1 1 1 0 1 1 1
 4 1 4 0 1 0 2 0 2 1 1 1 3 1 0 2 0 2 1 4 0 1 1 1 2 4 0 1 0 1 1 4 2 0 2 4 1
 0 1 3 2 1 1 0 2 1 0 1 1 4 2 1 0 1 1 1 4 0 0 4 1 0 1 0 1 1 2 1 4 4 2 1 0 0
 4 0 0 0 4 1 4 4 0 4 1 1 1 2 1 0 1 2 1 0 4 1 1 2 2 3 1 0 1 1 1 1 1 1 2 2 1
 1 0 2 0 0 0 1 1 1 1 1 1 1 0 1 1 2 2 1 1 2 0 1 0 0 0 4 0 1 1 2 1 1 0 1 1 0
 0 1 0 1 4 1 0 1 1 4 1 0 0 1 4 2 1 1 3 1 0 1 1 2 4 4 2 2 0 4 1 2 1 4 2 0 0
 4 1 3 1 0 2 2 4 0 0 1 0 4 1 2 0 0 1 2 4 1 2 1 4 2 1 4 2 3 1 3 1 4 0 1 1 1
 2 1 2 4 0 4 1 4 1 0 2 1 3 0 4 1 1 2 1 1 0 0 1 1 1 1 2 1 2 0 4 0 3 1 1 2 0
 1 1 1 1 1 0 0 1 4 0 1 0 0 0 1 1 0 0 0 4 0 0 1 2 4 1 1 1 0 0 0 1 1 2 0 1 1
 2 1 2 0 4 1 1 1 1 2 2 1 1 1 1 1 1 1 1 1 1 1 4 4 4 0 2 2 0 1 1 1 0 1 1 2 3
 1]"
dbscan,5,,,,,0.03273756165950139,200,0.0,cosine,5,0.9000941601143674,0.48506122399822155,6.0,chebyshev,0.9449304255211457,"[ 0  1  1  1  1  2  1  1  0  1  0  0  1  1  1  1  0  1  0  0  1  0  3  1
  3  1  3  1  1  0  1  1  0  1  0  1  4  1  1  1  1  4  0  2  4  1  0  0
  4  1  1  3  2  4  1  1  1  1  1  0  0  0  1  0  4  2  1  4  0  1  4  1
  0  2  2  1  0  2  3  1  2  1  1  1  4  1  1  0  2  0  2  1  1  1  1  0
  2  0  1  3  1  1  4  1  1  2  1  0  1  1  0  1  1  1  1  1  0  1  1  1
  1  1  1  3  4 -1  1  1  4  1  1  1  4  1  1  4  2  1  1  0  1  0  0  1
  1  0  0  1  1  1  1  0  2  0  2  0  2  4  2  1  1  0  2  1  2  4  2  1
  0  1  1  4  3  0  1  0  4  2  4  2  2  1  4  1  4  0  0  1  1  2  1  4
  4  3  1  1  1  1  0  4  0  1  1  3  0  0  2  2  2  1  1  2  1  0  0  1
  1  3  2  4  1  1  4  0  0  3  2  4  0  1  4  1  0  1  1  4  0  1  2  1
  1  1  1  0  1  1  0  1  1  1  0  1  1  1  1  1  0  1  1  0  1  1  0  0
  1  3  1  0  0  2  0  1  1  1  0  2  2  0 -1  0  0  4  0  0  0  1  4  0
  1  2  0  1  0  2  0  1  2  1  0  0  1  1  1  0  1  1  0  0  4  1  2  1
  1  4  2  4  0  1  1  4  1  1  0  1  1  1  0  1  1  4  3  1  1  0  0  1
  1  3  2  1  2  0  2  1  0  1  1  1  2  2  1  1  1  2  1  1  0  1  0  0
  1  0  1  3  4  1  1  1  2  1  4  4  1  1  0  1  0  0  1  1  0  0  2  2
  0  1  1  4  1  2  4  1  4  1  0  0  4  1  1  1  0  1  0  2  0  1  2  2
  2  0  1  1  0  4  1  1  4  2  2  3  0  2  4  3  1  4  1  4  1  2  1  4
  4  1  0  1  2  0  2  0  4  0  1  1  2  1  1  2  0  0  1  1  3  2  1  4
  1  1  1  1  1  1  2  2  1  1  1  1  3  1  0  2  4  0  0  1  4  0  2  1
  1  0  4  2  1  4  0  0  0  1  4  3  1  4  4  1 -1  0  0  1  3  1  0  1
  1  4  0  0  0  2  0  1  1  1  0  1  0  1  1  1  1  0  3  2  4  4  2  2
  1  0  1  1  1  1  0  4  2  3  1  1  1  4  4  0  0  0  3  1  2  0  0  1
  4  1  3  1  0  0  0  4  0  1  3  2  4  1  1  1  2  0  2  1  1  4  1  0
  1  0  4  1  0  1  1  1  1  1  0  2  1  0  4  1  1  1  1  1  2  0  2  2
  3  4  1  0  1 -1  3  1  0  4  2  0  1  0  2  1  1  0  1  1  1  4  0  0
  1  1  0  1  2  1  4 -1  2  2  1  1  0  0  0  1  1  0  0  0  1  1  1  1
  4  1  2  1  0  2  1  0  4  0  3  1  1  1  0  1  1  1  4  1  4  0  1  0
  2  0  2  1  1  1  3  1  0  2  0  2  1  4  0  1  1  1  2  4  0  1  0  1
  1  4  2  0  2  4  1  0  1  3  2  1  1  0  2  1  0  1  1  4  2  1  0  1
  1  1  4  0  0  4  1  0  1  0  1  1  2  1  4  4  2  1  0  0  4  0  0  0
  4  1  4  4  0  4  1  1  1  2  1  0  1  2  1  0  4  1  0  2  2  3  1  0
  1  1  1  1  1  1  2  2  1  1  0  2  0  0  0  1  1  1  1  1  1  1  0  1
  1  2  2  1  1  2  2  1  0  0  0  4  0  1  1  2  1  1  0  1  1  0  0  1
  0  1  4  1  0  1  1  4  1  0  0  1  4  2  1  1  3  1  0  1  1  2  4  4
  2  2  0  4  1  2  1  4  2  0  0  4  1  3  1  0  2  2  4  0  0  1  0  4
  1  2  0  0  1  2  4  1  2  1  4  2  1  4  2  3  1  3  1  4  0  1  1  1
  2  1  2  4  0  4  1  4  1  0  2  1  3  0  4  1  1  2  1  1  0  0  1  1
  1  1  2  1  2  0  4  0  3  1  1  2  0  1  1  1  1  1  0  0  1  4  0  1
  0  0  0  1  1  0  0  0  4  0  0  1  2  4  1  1  1  0  0  0  0  1  2  0
 -1  1  2  1  2  0  4  1  1  1  1  2  2  1  1  1  1 -1  1  1  1  1  1  1
  4  4  4  0  2  2  0  1 -1 -1  0  1  1  2  3  1]"
dbscan,4,,,,,0.033977278800551694,10,0.01,correlation,5,0.9028509903504317,0.25719786364410563,6.0,correlation,0.9838091883391205,"[0 1 1 1 1 2 1 1 0 1 0 0 1 1 1 1 0 1 0 0 1 0 3 1 3 1 3 1 1 0 1 1 0 1 0 1 0
 1 1 1 1 0 0 2 0 1 0 0 0 1 1 3 2 0 1 1 1 1 1 0 0 0 1 0 0 2 1 0 0 1 0 1 0 2
 2 1 0 2 3 1 2 1 1 1 0 1 1 0 2 0 2 1 1 1 1 0 2 0 1 3 1 1 0 1 1 2 1 0 1 1 0
 1 1 1 1 1 0 1 1 1 1 1 1 3 0 1 1 1 0 1 1 1 0 1 1 0 2 1 1 0 1 0 0 1 1 0 0 1
 1 1 1 0 2 0 2 0 2 0 2 1 1 0 2 1 2 0 2 1 0 1 1 0 3 0 1 0 0 2 0 2 2 1 0 1 0
 0 0 1 1 2 1 0 0 3 1 1 1 1 0 0 0 1 1 3 0 0 2 2 2 1 1 2 1 0 0 1 1 3 2 0 1 1
 0 0 0 3 2 0 0 1 0 1 0 1 1 0 0 1 2 1 1 1 1 0 1 1 0 1 1 1 0 1 1 1 1 1 0 1 1
 0 1 1 0 0 1 3 1 0 0 2 0 1 1 1 0 2 2 0 1 0 0 0 0 0 0 1 0 0 1 2 0 1 0 2 0 1
 2 1 0 0 1 1 1 0 1 1 0 0 0 1 2 1 1 0 2 0 0 1 1 0 1 1 0 1 1 1 0 1 1 0 3 1 1
 0 0 1 1 3 2 1 2 0 2 1 0 1 1 1 2 2 1 1 1 2 1 1 0 1 0 0 1 0 1 3 0 1 1 1 2 1
 0 0 1 1 0 1 0 0 1 1 0 0 2 2 0 1 1 0 1 2 0 1 0 1 0 0 0 1 1 1 0 1 0 2 0 1 2
 2 2 0 1 1 0 0 1 1 0 2 2 3 0 2 0 3 1 0 1 0 1 2 1 0 0 1 0 1 2 0 2 0 0 0 1 1
 2 1 1 2 0 0 1 1 3 2 1 0 1 1 1 1 1 1 2 2 1 1 1 1 3 1 0 2 0 0 0 1 0 0 2 1 1
 0 0 2 1 0 0 0 0 1 0 3 1 0 0 1 1 0 0 1 3 1 0 1 1 0 0 0 0 2 0 1 1 1 0 1 0 1
 1 1 1 0 3 2 0 0 2 2 1 0 1 1 1 1 0 0 2 3 1 1 1 0 0 0 0 0 3 1 2 0 0 1 0 1 3
 1 0 0 0 0 0 1 3 2 0 1 1 1 2 0 2 1 1 0 1 0 1 0 0 1 0 1 1 1 1 1 0 2 1 0 0 1
 1 1 1 1 2 0 2 2 3 0 1 0 1 1 3 1 0 0 2 0 1 0 2 1 1 0 1 1 1 0 0 0 1 1 0 1 2
 1 0 0 2 2 1 1 0 0 0 1 1 0 0 0 1 1 1 1 0 1 2 1 0 2 1 0 0 0 3 1 1 1 0 1 1 1
 0 1 0 0 1 0 2 0 2 1 1 1 3 1 0 2 0 2 1 0 0 1 1 1 2 0 0 1 0 1 1 0 2 0 2 0 1
 0 1 3 2 1 1 0 2 1 0 1 1 0 2 1 0 1 1 1 0 0 0 0 1 0 1 0 1 1 2 1 0 0 2 1 0 0
 0 0 0 0 0 1 0 0 0 0 1 1 1 2 1 0 1 2 1 0 0 1 0 2 2 3 1 0 1 1 1 1 1 1 2 2 1
 1 0 2 0 0 0 1 1 1 1 1 1 1 0 1 1 2 2 1 1 2 2 1 0 0 0 0 0 1 1 2 1 1 0 1 1 0
 0 1 0 1 0 1 0 1 1 0 1 0 0 1 0 2 1 1 3 1 0 1 1 2 0 0 2 2 0 0 1 2 1 0 2 0 0
 0 1 3 1 0 2 2 0 0 0 1 0 0 1 2 0 0 1 2 0 1 2 1 0 2 1 0 2 3 1 3 1 0 0 1 1 1
 2 1 2 0 0 0 1 0 1 0 2 1 3 0 0 1 1 2 1 1 0 0 1 1 1 1 2 1 2 0 0 0 3 1 1 2 0
 1 1 1 1 1 0 0 1 0 0 1 0 0 0 1 1 0 0 0 0 0 0 1 2 0 1 1 1 0 0 0 0 1 2 0 1 1
 2 1 2 0 0 1 1 1 1 2 2 1 1 1 1 1 1 1 1 1 1 1 0 0 0 0 2 2 0 1 0 1 0 1 1 2 3
 1]"
dbscan,7,,,,,0.02898570823983999,10,0.01,cosine,5,0.8993009649568309,0.38670380746794264,6.0,chebyshev,0.9229792481920477,"[0 1 1 1 1 2 1 1 0 1 3 0 1 1 1 1 0 1 3 0 1 3 4 1 4 1 4 1 1 0 1 1 0 1 3 1 5
 1 1 1 1 5 0 2 5 1 0 0 5 1 1 4 6 5 1 1 1 1 1 3 0 3 1 0 5 2 1 5 0 1 5 1 0 2
 2 1 0 6 4 1 6 1 1 1 5 1 1 0 6 0 2 1 1 1 1 3 6 0 1 4 1 1 5 1 1 6 1 3 1 1 3
 1 1 1 1 1 0 1 1 1 1 1 1 4 5 1 1 1 5 1 1 1 5 1 1 5 2 1 1 0 1 0 0 1 1 0 0 1
 1 1 1 0 6 0 2 3 2 1 6 1 1 0 2 1 2 5 6 1 3 1 1 5 4 0 1 3 5 6 5 2 6 1 5 1 5
 0 3 1 1 6 1 5 5 4 1 1 1 1 3 5 3 1 1 4 3 0 2 2 2 1 1 2 1 0 3 1 1 4 2 5 1 1
 5 3 0 4 6 5 0 1 5 1 3 1 1 5 0 1 6 1 1 1 1 0 1 1 0 1 1 1 0 1 1 1 1 1 0 1 1
 0 1 1 3 3 1 4 1 3 0 6 0 1 1 1 0 6 6 0 1 0 0 5 0 0 3 1 5 0 1 2 0 1 0 6 0 1
 2 1 3 0 1 1 1 3 1 1 0 3 5 1 2 1 1 5 2 5 3 1 1 5 1 1 0 1 1 1 0 1 1 5 4 1 1
 0 3 1 1 4 2 1 6 0 6 1 0 1 1 1 6 2 1 1 1 2 1 1 3 1 0 0 1 0 1 4 5 1 1 1 6 1
 5 5 1 1 0 1 3 0 1 1 0 3 6 6 3 1 1 5 1 2 5 1 5 1 3 3 5 1 1 1 0 1 0 2 3 1 6
 2 6 5 1 1 0 5 1 1 5 6 2 4 0 2 5 4 1 5 1 5 1 6 1 5 5 1 3 1 6 0 6 0 5 0 1 1
 2 1 1 6 0 0 1 1 4 6 1 5 1 1 1 1 1 1 6 2 1 1 1 1 4 1 0 2 5 0 3 1 5 0 6 1 1
 0 5 2 1 5 3 0 3 1 5 4 1 5 5 1 1 0 0 1 4 1 0 1 1 5 0 0 0 2 0 1 1 1 0 1 0 1
 1 1 1 3 4 2 1 5 2 6 1 0 1 1 1 1 0 1 2 4 1 1 1 5 5 0 3 0 4 1 6 0 0 1 5 1 4
 1 3 0 3 5 3 1 4 6 5 1 1 1 6 0 6 1 1 5 1 0 1 0 5 1 3 1 1 1 1 1 0 6 1 3 5 1
 1 1 1 1 2 3 2 6 4 5 1 0 1 1 4 1 0 0 2 3 1 3 6 1 1 3 1 1 1 1 3 0 1 1 0 1 6
 1 5 1 6 6 1 1 0 3 3 1 1 0 0 0 1 1 1 1 5 1 6 1 3 2 1 0 5 3 4 1 1 1 0 1 1 1
 5 1 5 0 1 0 6 0 6 1 1 1 4 1 0 2 3 6 1 5 0 1 1 1 2 5 0 1 5 1 1 5 2 3 6 5 1
 0 1 4 6 1 1 0 2 1 0 1 1 5 2 1 3 1 1 1 5 0 3 5 1 3 1 0 1 1 6 1 5 5 6 1 3 3
 5 0 0 3 5 1 5 5 0 5 1 1 1 2 1 0 1 6 1 3 5 1 3 2 2 4 1 3 1 1 1 1 1 1 6 2 1
 1 3 6 3 3 3 1 1 1 1 1 1 1 0 1 1 6 6 1 1 2 6 1 3 3 3 5 0 1 1 2 1 1 0 1 1 0
 0 1 0 1 5 1 0 1 1 5 1 3 0 1 5 6 1 1 4 1 3 1 1 2 5 5 2 6 0 5 1 2 1 5 2 0 0
 5 1 4 1 0 6 2 5 0 0 1 0 5 1 6 3 0 1 6 5 1 2 1 5 2 1 5 6 4 1 4 1 5 3 1 1 1
 2 1 2 5 3 5 1 5 1 3 6 1 4 3 5 1 1 2 1 1 0 3 1 1 1 1 2 1 6 3 5 0 4 1 1 6 0
 1 1 1 1 1 3 0 1 5 0 1 0 0 0 1 1 0 0 0 5 3 3 1 2 5 1 1 1 0 0 0 3 1 6 0 1 1
 6 1 2 0 5 1 1 1 1 2 6 1 1 1 1 1 1 1 1 1 1 1 5 5 5 3 6 2 0 1 1 1 0 1 1 6 4
 1]"
dbscan,4,,,,,0.03689729240133687,25,0.01,correlation,5,0.9008087733887734,0.2687677589868407,6.0,cosine,0.9958841348669243,"[0 1 1 1 1 2 1 1 0 1 0 0 1 1 1 1 0 1 0 0 1 0 3 1 3 1 3 1 1 0 1 1 0 1 0 1 0
 1 1 1 1 0 0 2 0 1 0 0 0 1 1 3 2 0 1 1 1 1 1 0 0 0 1 0 0 2 1 0 0 1 0 1 0 2
 2 1 0 2 3 1 2 1 1 1 0 1 1 0 2 0 2 1 1 1 1 0 2 0 1 3 1 1 0 1 1 2 1 0 1 1 0
 1 1 1 1 1 0 1 1 1 1 1 1 3 0 1 1 1 0 1 1 1 0 1 1 0 2 1 1 0 1 0 0 1 1 0 0 1
 1 1 1 0 2 0 2 0 2 0 2 1 1 0 2 1 2 0 2 1 0 1 1 0 3 0 1 0 0 2 0 2 2 1 0 1 0
 0 0 1 1 2 1 0 0 3 1 1 1 1 0 0 0 1 1 3 0 0 2 2 2 1 1 2 1 0 0 1 1 3 2 0 1 1
 0 0 0 3 2 0 0 1 0 1 0 1 1 0 0 1 2 1 1 1 1 0 1 1 0 1 1 1 0 1 1 1 1 1 0 1 1
 0 1 1 0 0 1 3 1 0 0 2 0 1 1 1 0 2 2 0 1 0 0 0 0 0 0 1 0 0 1 2 0 1 0 2 0 1
 2 1 0 0 1 1 1 0 1 1 0 0 0 1 2 1 1 0 2 0 0 1 1 0 1 1 0 1 1 1 0 1 1 0 3 1 1
 0 0 1 1 3 2 1 2 0 2 1 0 1 1 1 2 2 1 1 1 2 1 1 0 1 0 0 1 0 1 3 0 1 1 1 2 1
 0 0 1 1 0 1 0 0 1 1 0 0 2 2 0 1 1 0 1 2 0 1 0 1 0 0 0 1 1 1 0 1 0 2 0 1 2
 2 2 0 1 1 0 0 1 1 0 2 2 3 0 2 0 3 1 0 1 0 1 2 1 0 0 1 0 1 2 0 2 0 0 0 1 1
 2 1 1 2 0 0 1 1 3 2 1 0 1 1 1 1 1 1 2 2 1 1 1 1 3 1 0 2 0 0 0 1 0 0 2 1 1
 0 0 2 1 0 0 0 0 1 0 3 1 0 0 1 1 0 0 1 3 1 0 1 1 0 0 0 0 2 0 1 1 1 0 1 0 1
 1 1 1 0 3 2 0 0 2 2 1 0 1 1 1 1 0 0 2 3 1 1 1 0 0 0 0 0 3 1 2 0 0 1 0 1 3
 1 0 0 0 0 0 1 3 2 0 1 1 1 2 0 2 1 1 0 1 0 1 0 0 1 0 1 1 1 1 1 0 2 1 0 0 1
 1 1 1 1 2 0 2 2 3 0 1 0 1 1 3 1 0 0 2 0 1 0 2 1 1 0 1 1 1 0 0 0 1 1 0 1 2
 1 0 0 2 2 1 1 0 0 0 1 1 0 0 0 1 1 1 1 0 1 2 1 0 2 1 0 0 0 3 1 1 1 0 1 1 1
 0 1 0 0 1 0 2 0 2 1 1 1 3 1 0 2 0 2 1 0 0 1 1 1 2 0 0 1 0 1 1 0 2 0 2 0 1
 0 1 3 2 1 1 0 2 1 0 1 1 0 2 1 0 1 1 1 0 0 0 0 1 0 1 0 1 1 2 1 0 0 2 1 0 0
 0 0 0 0 0 1 0 0 0 0 1 1 1 2 1 0 1 2 1 0 0 1 0 2 2 3 1 0 1 1 1 1 1 1 2 2 1
 1 0 2 0 0 0 1 1 1 1 1 1 1 0 1 1 2 2 1 1 2 0 1 0 0 0 0 0 1 1 2 1 1 0 1 1 0
 0 1 0 1 0 1 0 1 1 0 1 0 0 1 0 2 1 1 3 1 0 1 1 2 0 0 2 2 0 0 1 2 1 0 2 0 0
 0 1 3 1 0 2 2 0 0 0 1 0 0 1 2 0 0 1 2 0 1 2 1 0 2 1 0 2 3 1 3 1 0 0 1 1 1
 2 1 2 0 0 0 1 0 1 0 2 1 3 0 0 1 1 2 1 1 0 0 1 1 1 1 2 1 2 0 0 0 3 1 1 2 0
 1 1 1 1 1 0 0 1 0 0 1 0 0 0 1 1 0 0 0 0 0 0 1 2 0 1 1 1 0 0 0 0 1 2 0 1 1
 2 1 2 0 0 1 1 1 1 2 2 1 1 1 1 1 1 1 1 1 1 1 0 0 0 0 2 2 0 1 0 1 0 1 1 2 3
 1]"
dbscan,6,,,,,0.035006884126846806,25,0.01,cosine,5,0.904408607068607,0.41934935638522586,6.0,chebyshev,0.9411656762631652,"[ 0  1  1  1  1  2  1  1  0  1  3  0  1  1  1  1  0  1  3  0  1  3  4  1
  4  1  4  1  1  0  1  1  0  1  3  1  5  1  1  1  1  5  0  2  5  1  0  0
  5  1  1  4  2  5  1  1  1  1  1  3  0  3  1  0  5  2  1  5  0  1  5  1
  0  2  2  1  0  2  4  1  2  1  1  1  5  1  1  0  2  0  2  1  1  1  1  3
  2  0  1  4  1  1  5  1  1  2  1  3  1  1  3  1  1  1  1  1  0  1  1  1
  1  1  1  4  5  1  1  1  5  1  1  1  5  1  1  5  2  1  1  0  1  0  0  1
  1  0  0  1  1  1  1  0  2  0  2  3  2  5  2  1  1  0  2  1  2  5  2  1
  3  1  1  5  4  0  1  3  5  2  5  2  2  1  5  1  5  0  3  1  1  2  1  5
  5  4  1  1  1  1  3  5  3  1  1  4  3  0  2  2  2  1  1  2  1  0  3  1
  1  4  2  5  1  1  5  3  0  4  2  5  0  1  5  1  3  1  1  5  0  1  2  1
  1  1  1  0  1  1  0  1  1  1  0  1  1  1  1  1  0  1  1  0  1  1  3  3
  1  4  1  3  0  2  0  1  1  1  0  2  2  0  1  0  0  5  0  0  3  1  5  0
  1  2  0  1  0  2  0  1  2  1  3  0  1  1  1  3  1  1  0  3  5  1  2  1
  1  5  2  5  3  1  1  5  1  1  0  1  1  1  0  1  1  5  4  1  1  0  3  1
  1  4  2  1  2  0  2  1  0  1  1  1  2  2  1  1  1  2  1  1  3  1  0  0
  1  0  1  4  5  1  1  1  2  1  5  5  1  1  0  1  3  0  1  1  0  3  2  2
  3  1  1  5  1  2  5  1  5  1  3  3  5  1  1  1  0  1  0  2  3  1  2  2
  2  5  1  1  0  5  1  1  5  2  2  4  0  2  5  4  1  5  1  5  1  2  1  5
  5  1  3  1  2  0  2  0  5  0  1  1  2  1  1  2  0  0  1  1  4  2  1  5
  1  1  1  1  1  1  2  2  1  1  1  1  4  1  0  2  5  0  3  1  5  0  2  1
  1  0  5  2  1  5  3  0  3  1  5  4  1  5  5  1  1  0  0  1  4  1  0  1
  1  5  0  0  0  2  0  1  1  1  0  1  0  1  1  1  1  3  4  2  1  5  2  2
  1  0  1  1  1  1  0  5  2  4  1  1  1  5  5  0  3  0  4  1  2  0  0  1
  5  1  4  1  3  0  3  5  3  1  4  2  5  1  1  1  2  0  2  1  1  5  1  0
  1  0  5  1  0  1  1  1  1  1  0  2  1  3  5  1  1  1  1  1  2  3  2  2
  4  5  1  0  1 -1  4  1  0  5  2  3  1  3  2  1  1  3  1  1  1  5  3  0
  1  1  0  1  2  1  5  1  2  2  1  1  0  3  3  1  1  0  0  0  1  1  1  1
  5  1  2  1  3  2  1  0  5  3  4  1  1  1  0  1  1  1  5  1  5  0  1  0
  2  0  2  1  1  1  4  1  0  2  3  2  1  5  0  1  1  1  2  5  0  1  5  1
  1  5  2  3  2  5  1  0  1  4  2  1  1  0  2  1  0  1  1  5  2  1  3  1
  1  1  5  0  3  5  1  3  1  0  1  1  2  1  5  5  2  1  3  3  5  0  0  3
  5  1  5  5  0  5  1  1  1  2  1  0  1  2  1  3  5  1  3  2  2  4  1  3
  1  1  1  1  1  1  2  2  1  1  3  2  3  3  3  1  1  1  1  1  1  1  0  1
  1  2  2  1  1  2  2  1  3  3  3  5  0  1  1  2  1  1  0  1  1  0  0  1
  0  1  5  1  0  1  1  5  1  3  0  1  5  2  1  1  4  1  3  1  1  2  5  5
  2  2  0  5  1  2  1  5  2  0  0  5  1  4  1  0  2  2  5  0  0  1  0  5
  1  2  3  0  1  2  5  1  2  1  5  2  1  5  2  4  1  4  1  5  3  1  1  1
  2  1  2  5  3  5  1  5  1  3  2  1  4  3  5  1  1  2  1  1  0  3  1  1
  1  1  2  1  2  3  5  0  4  1  1  2  0  1  1  1  1  1  3  0  1  5  0  1
  0  0  0  1  1  0  0  0  5  3  3  1  2  5  1  1  1  0  0  0  3  1  2  0
  1  1  2  1  2  0  5  1  1  1  1  2  2  1  1  1  1  1  1  1  1  1  1  1
  5  5  5  3  2  2  0  1  1  1  0  1  1  2  4  1]"
dbscan,4,,,,,0.039267624993229985,50,0.01,correlation,5,0.8963172958355868,0.27151888328329327,6.0,cosine,0.9977322075077567,"[0 1 1 1 1 2 1 1 0 1 0 0 1 1 1 1 0 1 0 0 1 0 3 1 3 1 3 1 1 0 1 1 0 1 0 1 0
 1 1 1 1 0 0 2 0 1 0 0 0 1 1 3 2 0 1 1 1 1 1 0 0 0 1 0 0 2 1 0 0 1 0 1 0 2
 2 1 0 2 3 1 2 1 1 1 0 1 1 0 2 0 2 1 1 1 1 0 2 0 1 3 1 1 0 1 1 2 1 0 1 1 0
 1 1 1 1 1 0 1 1 1 1 1 1 3 0 1 1 1 0 1 1 1 0 1 1 0 2 1 1 0 1 0 0 1 1 0 0 1
 1 1 1 0 2 0 2 0 2 0 2 1 1 0 2 1 2 0 2 1 0 1 1 0 3 0 1 0 0 2 0 2 2 1 0 1 0
 0 0 1 1 2 1 0 0 3 1 1 1 1 0 0 0 1 1 3 0 0 2 2 2 1 1 2 1 0 0 1 1 3 2 0 1 1
 0 0 0 3 2 0 0 1 0 1 0 1 1 0 0 1 2 1 1 1 1 0 1 1 0 1 1 1 0 1 1 1 1 1 0 1 1
 0 1 1 0 0 1 3 1 0 0 2 0 1 1 1 0 2 2 0 1 0 0 0 0 0 0 1 0 0 1 2 0 1 0 2 0 1
 2 1 0 0 1 1 1 0 1 1 0 0 0 1 2 1 1 0 2 0 0 1 1 0 1 1 0 1 1 1 0 1 1 0 3 1 1
 0 0 1 1 3 2 1 2 0 2 1 0 1 1 1 2 2 1 1 1 2 1 1 0 1 0 0 1 0 1 3 0 1 1 1 2 1
 0 0 1 1 0 1 0 0 1 1 0 0 2 2 0 1 1 0 1 2 0 1 0 1 0 0 0 1 1 1 0 1 0 2 0 1 2
 2 2 0 1 1 0 0 1 1 0 2 2 3 0 2 0 3 1 0 1 0 1 2 1 0 0 1 0 1 2 0 2 0 0 0 1 1
 2 1 1 2 0 0 1 1 3 2 1 0 1 1 1 1 1 1 2 2 1 1 1 1 3 1 0 2 0 0 0 1 0 0 2 1 1
 0 0 2 1 0 0 0 0 1 0 3 1 0 0 1 1 0 0 1 3 1 0 1 1 0 0 0 0 2 0 1 1 1 0 1 0 1
 1 1 1 0 3 2 0 0 2 2 1 0 1 1 1 1 0 0 2 3 1 1 1 0 0 0 0 0 3 1 2 0 0 1 0 1 3
 1 0 0 0 0 0 1 3 2 0 1 1 1 2 0 2 1 1 0 1 0 1 0 0 1 0 1 1 1 1 1 0 2 1 0 0 1
 1 1 1 1 2 0 2 2 3 0 1 0 1 1 3 1 0 0 2 0 1 0 2 1 1 0 1 1 1 0 0 0 1 1 0 1 2
 1 0 0 2 2 1 1 0 0 0 1 1 0 0 0 1 1 1 1 0 1 2 1 0 2 1 0 0 0 3 1 1 1 0 1 1 1
 0 1 0 0 1 0 2 0 2 1 1 1 3 1 0 2 0 2 1 0 0 1 1 1 2 0 0 1 0 1 1 0 2 0 2 0 1
 0 1 3 2 1 1 0 2 1 0 1 1 0 2 1 0 1 1 1 0 0 0 0 1 0 1 0 1 1 2 1 0 0 2 1 0 0
 0 0 0 0 0 1 0 0 0 0 1 1 1 2 1 0 1 2 1 0 0 1 0 2 2 3 1 0 1 1 1 1 1 1 2 2 1
 1 0 2 0 0 0 1 1 1 1 1 1 1 0 1 1 2 2 1 1 2 0 1 0 0 0 0 0 1 1 2 1 1 0 1 1 0
 0 1 0 1 0 1 0 1 1 0 1 0 0 1 0 2 1 1 3 1 0 1 1 2 0 0 2 2 0 0 1 2 1 0 2 0 0
 0 1 3 1 0 2 2 0 0 0 1 0 0 1 2 0 0 1 2 0 1 2 1 0 2 1 0 2 3 1 3 1 0 0 1 1 1
 2 1 2 0 0 0 1 0 1 0 2 1 3 0 0 1 1 2 1 1 0 0 1 1 1 1 2 1 2 0 0 0 3 1 1 2 0
 1 1 1 1 1 0 0 1 0 0 1 0 0 0 1 1 0 0 0 0 0 0 1 2 0 1 1 1 0 0 0 0 1 2 0 1 1
 2 1 2 0 0 1 1 1 1 2 2 1 1 1 1 1 1 1 1 1 1 1 0 0 0 0 2 2 0 1 1 1 0 1 1 2 3
 1]"
dbscan,5,,,,,0.0258513225837834,50,0.01,cosine,5,0.893142087614927,0.4714444012793216,6.0,euclidean,0.9397778161447218,"[ 0  1  1  1  1  2  1  1  0  1  0  0  1  1  1  1  0  1  0  0  1  0  3  1
  3  1  3  1  1  0  1  1  0  1  0  1  4  1  1  1  1  4  0  2  4  1  0  0
  4  1  1  3  2  4  1  1  1  1  1  0  0  0  1  0  4  2  1  4  0  1  4  1
  0  2  2  1  0  2  3  1  2  1  1  1  4  1  1  0  2  0  2  1  1  1  1  0
  2  0  1  3  1  1  4  1  1  2  1  0  1  1  0  1  1  1  1  1  0  1  1  1
  1  1  1  3  4  1  1  1  4  1  1  1  4  1  1  4  2  1  1  0  1  0  0  1
  1  0  0  1  1  1  1  0  2  0  2  0  2  4  2  1  1  0  2  1  2  4  2  1
  0  1  1  4  3  0  1  0  4  2  4  2  2  1  4  1  4  0  0  1  1  2  1  4
  4  3  1  1  1  1  0  4  0  1  1  3  0  0  2  2  2  1  1  2  1  0  0  1
  1  3  2  4  1  1  4  0  0  3  2  4  0  1  4  1  0  1  1  4  0  1  2  1
  1  1  1  0  1  1  0  1  1  1  0  1  1  1  1  1  0  1  1  0  1  1  0  0
  1  3  1  0  0  2  0  1  1  1  0  2  2  0  1  0  0  4  0  0  0  1  4  0
  1  2  0  1  0  2  0  1  2  1  0  0  1  1  1  0  1  1  0  0  4  1  2  1
  1  4  2  4  0  1  1  4  1  1  0  1  1  1  0  1  1  4  3  1  1  0  0  1
  1  3  2  1  2  0  2  1  0  1  1  1  2  2  1  1  1  2  1  1  0  1  0  0
  1  0  1  3  4  1  1  1  2  1  4  4  1  1  0  1  0  0  1  1  0  0  2  2
  0  1  1  4  1  2  4  1  4  1  0  0  4  1  1  1  0  1  0  2  0  1  2  2
  2  4  1  1  0  4  1  1  4  2  2  3  0  2  4  3  1  4  1  4  1  2  1  4
  4  1  0  1  2  0  2  0  4  0  1  1  2  1  1  2  0  0  1  1  3  2  1  4
  1  1  1  1  1  1  2  2  1  1  1  1  3  1  0  2  4  0  0  1  4  0  2  1
  1  0  4  2  1  4  0  0  0  1  4  3  1  4  4  1  1  0  0  1  3  1  0  1
  1  4  0  0  0  2  0  1  1  1  0  1  0  1  1  1  1  0  3  2 -1  4  2  2
  1  0  1  1  1  1  0  4  2  3  1  1  1  4  4  0  0  0  3  1  2  0  0  1
  4  1  3  1  0  0  0  4  0  1  3  2  4  1  1  1  2  0  2  1  1  4  1  0
  1  0  4  1  0  1  1  1  1  1  0  2  1  0  4  1  1  1  1  1  2  0  2  2
  3  4  1  0  1 -1  3  1  0  0  2  0  1  0  2  1  1  0  1  1  1  4  0  0
  1  1  0  1  2  1  4 -1  2  2  1  1  0  0  0  1  1  0  0  0  1  1  1  1
  4  1  2  1  0  2  1  0  4  0  3  1  1  1  0  1  1  1  4  1  4  0  1  0
  2  0  2  1  1  1  3  1  0  2  0  2  1  4  0  1  1  1  2  4  0  1  4  1
  1  4  2  0  2  4  1  0  1  3  2  1  1  0  2  1  0  1  1  4  2  1  0  1
  1  1  4  0  0  4  1  0  1  0  1  1  2  1  4  4  2  1  0  0  4  0  0  0
  4  1  4  4  0  4  1  1  1  2  1  0  1  2  1  0  4  1  0  2  2  3  1  0
  1  1  1  1  1  1  2  2  1  1  0  2  0  0  0  1  1  1  1  1  1  1  0  1
  1  2  2  1  1  2  2  1  0  0  0  4  0  1  1  2  1  1  0  1  1  0  0  1
  0  1  4  1  0  1  1  4  1  0  0  1  4  2  1  1  3  1  0  1  1  2  4  4
  2  2  0  4  1  2  1  4  2  0  0  4  1  3  1  0  2  2  4  0  0  1  0  4
  1  2  0  0  1  2  4  1  2  1  4  2  1  4  2  3  1  3  1  4  0  1  1  1
  2  1  2  4  0  4  1  4  1  0  2  1  3  0  4  1  1  2  1  1  0  0  1  1
  1  1  2  1  2  0  4  0  3  1  1  2  0  1  1  1  1  1  0  0  1  4  0  1
  0  0  0  1  1  0  0  0  4  0  0  1  2  4  1  1  1  0  0  0  0  1  2  0
 -1  1  2  1  2  0  4  1  1  1  1  2  2  1  1  1  1 -1  1  1  1  1  1  1
  4  4  4  0  2  2  0  1 -1 -1  0  1  1  2  3  1]"
dbscan,4,,,,,0.040915628762724046,100,0.01,correlation,5,0.9024990935844615,0.2503116775471436,6.0,cosine,0.9985671974263227,"[0 1 1 1 1 2 1 1 0 1 0 0 1 1 1 1 0 1 0 0 1 0 3 1 3 1 3 1 1 0 1 1 0 1 0 1 0
 1 1 1 1 0 0 2 0 1 0 0 0 1 1 3 2 0 1 1 1 1 1 0 0 0 1 0 0 2 1 0 0 1 0 1 0 2
 2 1 0 2 3 1 2 1 1 1 0 1 1 0 2 0 2 1 1 1 1 0 2 0 1 3 1 1 0 1 1 2 1 0 1 1 0
 1 1 1 1 1 0 1 1 1 1 1 1 3 0 1 1 1 0 1 1 1 0 1 1 0 2 1 1 0 1 0 0 1 1 0 0 1
 1 1 1 0 2 0 2 0 2 0 2 1 1 0 2 1 2 0 2 1 0 1 1 0 3 0 1 0 0 2 0 2 2 1 0 1 0
 0 0 1 1 2 1 0 0 3 1 1 1 1 0 0 0 1 1 3 0 0 2 2 2 1 1 2 1 0 0 1 1 3 2 0 1 1
 0 0 0 3 2 0 0 1 0 1 0 1 1 0 0 1 2 1 1 1 1 0 1 1 0 1 1 1 0 1 1 1 1 1 0 1 1
 0 1 1 0 0 1 3 1 0 0 2 0 1 1 1 0 2 2 0 1 0 0 0 0 0 0 1 0 0 1 2 0 1 0 2 0 1
 2 1 0 0 1 1 1 0 1 1 0 0 0 1 2 1 1 0 2 0 0 1 1 0 1 1 0 1 1 1 0 1 1 0 3 1 1
 0 0 1 1 3 2 1 2 0 2 1 0 1 1 1 2 2 1 1 1 2 1 1 0 1 0 0 1 0 1 3 0 1 1 1 2 1
 0 0 1 1 0 1 0 0 1 1 0 0 2 2 0 1 1 0 1 2 0 1 0 1 0 0 0 1 1 1 0 1 0 2 0 1 2
 2 2 0 1 1 0 0 1 1 0 2 2 3 0 2 0 3 1 0 1 0 1 2 1 0 0 1 0 1 2 0 2 0 0 0 1 1
 2 1 1 2 0 0 1 1 3 2 1 0 1 1 1 1 1 1 2 2 1 1 1 1 3 1 0 2 0 0 0 1 0 0 2 1 1
 0 0 2 1 0 0 0 0 1 0 3 1 0 0 1 1 0 0 1 3 1 0 1 1 0 0 0 0 2 0 1 1 1 0 1 0 1
 1 1 1 0 3 2 0 0 2 2 1 0 1 1 1 1 0 0 2 3 1 1 1 0 0 0 0 0 3 1 2 0 0 1 0 1 3
 1 0 0 0 0 0 1 3 2 0 1 1 1 2 0 2 1 1 0 1 0 1 0 0 1 0 1 1 1 1 1 0 2 1 0 0 1
 1 1 1 1 2 0 2 2 3 0 1 0 1 1 3 1 0 0 2 0 1 0 2 1 1 0 1 1 1 0 0 0 1 1 0 1 2
 1 0 1 2 2 1 1 0 0 0 1 1 0 0 0 1 1 1 1 0 1 2 1 0 2 1 0 0 0 3 1 1 1 0 1 1 1
 0 1 0 0 1 0 2 0 2 1 1 1 3 1 0 2 0 2 1 0 0 1 1 1 2 0 0 1 0 1 1 0 2 0 2 0 1
 0 1 3 2 1 1 0 2 1 0 1 1 0 2 1 0 1 1 1 0 0 0 0 1 0 1 0 1 1 2 1 0 0 2 1 0 0
 0 0 0 0 0 1 0 0 0 0 1 1 1 2 1 0 1 2 1 0 0 1 0 2 2 3 1 0 1 1 1 1 1 1 2 2 1
 1 0 2 0 0 0 1 1 1 1 1 1 1 0 1 1 2 2 1 1 2 0 1 0 0 0 0 0 1 1 2 1 1 0 1 1 0
 0 1 0 1 0 1 0 1 1 0 1 0 0 1 0 2 1 1 3 1 0 1 1 2 0 0 2 2 0 0 1 2 1 0 2 0 0
 0 1 3 1 0 2 2 0 0 0 1 0 0 1 2 0 0 1 2 0 1 2 1 0 2 1 0 2 3 1 3 1 0 0 1 1 1
 2 1 2 0 0 0 1 0 1 0 2 1 3 0 0 1 1 2 1 1 0 0 1 1 1 1 2 1 2 0 0 0 3 1 1 2 0
 1 1 1 1 1 0 0 1 0 0 1 0 0 0 1 1 0 0 0 0 0 0 1 2 0 1 1 1 0 0 0 0 1 2 0 1 1
 2 1 2 0 0 1 1 1 1 2 2 1 1 1 1 1 1 1 1 1 1 1 0 0 0 0 2 2 0 1 0 1 0 1 1 2 3
 1]"
dbscan,5,,,,,0.039294738943931054,100,0.01,cosine,5,0.892013396115362,0.39303735265824147,6.0,chebyshev,0.9498574448606864,"[ 0  1  1  1  1  2  1  1  0  1  0  0  1  1  1  1  0  1  0  0  1  0  3  1
  3  1  3  1  1  0  1  1  0  1  0  1  4  1  1  1  1  4  0  2  4  1  0  0
  4  1  1  3  2  4  1  1  1  1  1  0  0  0  1  0  4  2  1  4  0  1  4  1
  0  2  2  1  0  2  3  1  2  1  1  1  4  1  1  0  2  0  2  1  1  1  1  0
  2  0  1  3  1  1  4  1  1  2  1  0  1  1  0  1  1  1  1  1  0  1  1  1
  1  1  1  3  4 -1  1  1  4  1  1  1  4  1  1  4  2  1  1  0  1  0  0  1
  1  0  0  1  1  1  1  0  2  0  2  0  2  4  2  1  1  0  2  1  2  4  2  1
  0  1  1  4  3  0  1  0  4  2  4  2  2  1  4  1  4  0  0  1  1  2  1  4
  4  3  1  1  1  1  0  4  0  1  1  3  0  0  2  2  2  1  1  2  1  0  0  1
  1  3  2  4  1  1  4  0  0  3  2  4  0  1  4  1  0  1  1  4  0  1  2  1
  1  1  1  0  1  1  0  1  1  1  0  1  1  1  1  1  0  1  1  0  1  1  0  0
  1  3  1  0  0  2  0  1  1  1  0  2  2  0 -1  0  0  4  0  0  0  1  4  0
  1  2  0  1  0  2  0  1  2  1  0  0  1  1  1  0  1  1  0  0  4  1  2  1
  1  4  2  4  0  1  1  4  1  1  0  1  1  1  0  1  1  4  3  1  1  0  0  1
  1  3  2  1  2  0  2  1  0  1  1  1  2  2  1  1  1  2  1  1  0  1  0  0
  1  0  1  3  4  1  1  1  2  1  4  4  1  1  0  1  0  0  1  1  0  0  2  2
  0  1  1  4  1  2  4  1  4  1  0  0  4  1  1  1  0  1  0  2  0  1  2  2
  2  4  1  1  0  4  1  1  4  2  2  3  0  2  4  3  1  4  1  4  1  2  1  4
  4  1  0  1  2  0  2  0  4  0  1  1  2  1  1  2  0  0  1  1  3  2  1  4
  1  1  1  1  1  1  2  2  1  1  1  1  3  1  0  2  4  0  0  1  4  0  2  1
  1  0  4  2  1  4  0  0  0  1  4  3  1  4  4  1 -1  0  0  1  3  1  0  1
  1  4  0  0  0  2  0  1  1  1  0  1  0  1  1  1  1  0  3  2  4  4  2  2
  1  0  1  1  1  1  0  4  2  3  1  1  1  4  4  0  0  0  3  1  2  0  0  1
  4  1  3  1  0  0  0  4  0  1  3  2  4  1  1  1  2  0  2  1  1  4  1  0
  1  0  4  1  0  1  1  1  1  1  0  2  1  0  4  1  1  1  1  1  2  0  2  2
  3  4  1  0  1 -1  3  1  0  4  2  0  1  0  2  1  1  0  1  1  1  4  0  0
  1  1  0  1  2  1  4 -1  2  2  1  1  0  0  0  1  1  0  0  0  1  1  1  1
  4  1  2  1  0  2  1  0  4  0  3  1  1  1  0  1  1  1  4  1  4  0  1  0
  2  0  2  1  1  1  3  1  0  2  0  2  1  4  0  1  1  1  2  4  0  1  0  1
  1  4  2  0  2  4  1  0  1  3  2  1  1  0  2  1  0  1  1  4  2  1  0  1
  1  1  4  0  0  4  1  0  1  0  1  1  2  1  4  4  2  1  0  0  4  0  0  0
  4  1  4  4  0  4  1  1  1  2  1  0  1  2  1  0  4  1  0  2  2  3  1  0
  1  1  1  1  1  1  2  2  1  1  0  2  0  0  0  1  1  1  1  1  1  1  0  1
  1  2  2  1  1  2  2  1  0  0  0  4  0  1  1  2  1  1  0  1  1  0  0  1
  0  1  4  1  0  1  1  4  1  0  0  1  4  2  1  1  3  1  0  1  1  2  4  4
  2  2  0  4  1  2  1  4  2  0  0  4  1  3  1  0  2  2  4  0  0  1  0  4
  1  2  0  0  1  2  4  1  2  1  4  2  1  4  2  3  1  3  1  4  0  1  1  1
  2  1  2  4  0  4  1  4  1  0  2  1  3  0  4  1  1  2  1  1  0  0  1  1
  1  1  2  1  2  0  4  0  3  1  1  2  0  1  1  1  1  1  0  0  1  4  0  1
  0  0  0  1  1  0  0  0  4  0  0  1  2  4  1  1  1  0  0  0  0  1  2  0
 -1  1  2  1  2  0  4  1  1  1  1  2  2  1  1  1  1 -1  1  1  1  1  1  1
  4  4  4  0  2  2  0  1 -1 -1  0  1  1  2  3  1]"
dbscan,4,,,,,0.04489419024072911,200,0.01,correlation,5,0.8701341172265904,0.2685276758937957,6.0,correlation,0.9982205251660223,"[0 1 1 1 1 2 1 1 0 1 0 0 1 1 1 1 0 1 0 0 1 0 3 1 3 1 3 1 1 0 1 1 0 1 0 1 0
 1 1 1 1 0 0 2 0 1 0 0 0 1 1 3 2 0 1 1 1 1 1 0 0 0 1 0 0 2 1 0 0 1 0 1 0 2
 2 1 0 2 3 1 2 1 1 1 0 1 1 0 2 0 2 1 1 1 1 0 2 0 1 3 1 1 0 1 1 2 1 0 1 1 0
 1 1 1 1 1 0 1 1 1 1 1 1 3 0 1 1 1 0 1 1 1 0 1 1 0 2 1 1 0 1 0 0 1 1 0 0 1
 1 1 1 0 2 0 2 0 2 0 2 1 1 0 2 1 2 0 2 1 0 1 1 0 3 0 1 0 0 2 0 2 2 1 0 1 0
 0 0 1 1 2 1 0 0 3 1 1 1 1 0 0 0 1 1 3 0 0 2 2 2 1 1 2 1 0 0 1 1 3 2 0 1 1
 0 0 0 3 2 0 0 1 0 1 0 1 1 0 0 1 2 1 1 1 1 0 1 1 0 1 1 1 0 1 1 1 1 1 0 1 1
 0 1 1 0 0 1 3 1 0 0 2 0 1 1 1 0 2 2 0 1 0 0 0 0 0 0 1 0 0 1 2 0 1 0 2 0 1
 2 1 0 0 1 1 1 0 1 1 0 0 0 1 2 1 1 0 2 0 0 1 1 0 1 1 0 1 1 1 0 1 1 0 3 1 1
 0 0 1 1 3 2 1 2 0 2 1 0 1 1 1 2 2 1 1 1 2 1 1 0 1 0 0 1 0 1 3 0 1 1 1 2 1
 0 0 1 1 0 1 0 0 1 1 0 0 2 2 0 1 1 0 1 2 0 1 0 1 0 0 0 1 1 1 0 1 0 2 0 1 2
 2 2 0 1 1 0 0 1 1 0 2 2 3 0 2 0 3 1 0 1 0 1 2 1 0 0 1 0 1 2 0 2 0 0 0 1 1
 2 1 1 2 0 0 1 1 3 2 1 0 1 1 1 1 1 1 2 2 1 1 1 1 3 1 0 2 0 0 0 1 0 0 2 1 1
 0 0 2 1 0 0 0 0 1 0 3 1 0 0 1 1 0 0 1 3 1 0 1 1 0 0 0 0 2 0 1 1 1 0 1 0 1
 1 1 1 0 3 2 0 0 2 2 1 0 1 1 1 1 0 0 2 3 1 1 1 0 0 0 0 0 3 1 2 0 0 1 0 1 3
 1 0 0 0 0 0 1 3 2 0 1 1 1 2 0 2 1 1 0 1 0 1 0 0 1 0 1 1 1 1 1 0 2 1 0 0 1
 1 1 1 1 2 0 2 2 3 0 1 0 1 1 3 1 0 0 2 0 1 0 2 1 1 0 1 1 1 0 0 0 1 1 0 1 2
 1 0 1 2 2 1 1 0 0 0 1 1 0 0 0 1 1 1 1 0 1 2 1 0 2 1 0 0 0 3 1 1 1 0 1 1 1
 0 1 0 0 1 0 2 0 2 1 1 1 3 1 0 2 0 2 1 0 0 1 1 1 2 0 0 1 0 1 1 0 2 0 2 0 1
 0 1 3 2 1 1 0 2 1 0 1 1 0 2 1 0 1 1 1 0 0 0 0 1 0 1 0 1 1 2 1 0 0 2 1 0 0
 0 0 0 0 0 1 0 0 0 0 1 1 1 2 1 0 1 2 1 0 0 1 0 2 2 3 1 0 1 1 1 1 1 1 2 2 1
 1 0 2 0 0 0 1 1 1 1 1 1 1 0 1 1 2 2 1 1 2 0 1 0 0 0 0 0 1 1 2 1 1 0 1 1 0
 0 1 0 1 0 1 0 1 1 0 1 0 0 1 0 2 1 1 3 1 0 1 1 2 0 0 2 2 0 0 1 2 1 0 2 0 0
 0 1 3 1 0 2 2 0 0 0 1 0 0 1 2 0 0 1 2 0 1 2 1 0 2 1 0 2 3 1 3 1 0 0 1 1 1
 2 1 2 0 0 0 1 0 1 0 2 1 3 0 0 1 1 2 1 1 0 0 1 1 1 1 2 1 2 0 0 0 3 1 1 2 0
 1 1 1 1 1 0 0 1 0 0 1 0 0 0 1 1 0 0 0 0 0 0 1 2 0 1 1 1 0 0 0 0 1 2 0 1 1
 2 1 2 0 0 1 1 1 1 2 2 1 1 1 1 1 1 1 1 1 1 1 0 0 0 0 2 2 0 1 1 1 0 1 1 2 3
 1]"
dbscan,5,,,,,0.03272254388243763,200,0.01,cosine,5,0.9057219585418156,0.4640958907998193,6.0,chebyshev,0.9572284476216266,"[ 0  1  1  1  1  2  1  1  0  1  0  0  1  1  1  1  0  1  0  0  1  0  3  1
  3  1  3  1  1  0  1  1  0  1  0  1  4  1  1  1  1  4  0  2  4  1  0  0
  4  1  1  3  2  4  1  1  1  1  1  0  0  0  1  0  4  2  1  4  0  1  4  1
  0  2  2  1  0  2  3  1  2  1  1  1  4  1  1  0  2  0  2  1  1  1  1  0
  2  0  1  3  1  1  4  1  1  2  1  0  1  1  0  1  1  1  1  1  0  1  1  1
  1  1  1  3  4 -1  1  1  4  1  1  1  4  1  1  4  2  1  1  0  1  0  0  1
  1  0  0  1  1  1  1  0  2  0  2  0  2  4  2  1  1  0  2  1  2  4  2  1
  0  1  1  4  3  0  1  0  4  2  4  2  2  1  4  1  4  0  0  1  1  2  1  4
  4  3  1  1  1  1  0  4  0  1  1  3  0  0  2  2  2  1  1  2  1  0  0  1
  1  3  2  4  1  1  4  0  0  3  2  4  0  1  4  1  0  1  1  4  0  1  2  1
  1  1  1  0  1  1  0  1  1  1  0  1  1  1  1  1  0  1  1  0  1  1  0  0
  1  3  1  0  0  2  0  1  1  1  0  2  2  0 -1  0  0  4  0  0  0  1  4  0
  1  2  0  1  0  2  0  1  2  1  0  0  1  1  1  0  1  1  0  0  4  1  2  1
  1  4  2  4  0  1  1  4  1  1  0  1  1  1  0  1  1  4  3  1  1  0  0  1
  1  3  2  1  2  0  2  1  0  1  1  1  2  2  1  1  1  2  1  1  0  1  0  0
  1  0  1  3  4  1  1  1  2  1  4  4  1  1  0  1  0  0  1  1  0  0  2  2
  0  1  1  4  1  2  4  1  4  1  0  0  4  1  1  1  0  1  0  2  0  1  2  2
  2  0  1  1  0  4  1  1  4  2  2  3  0  2  4  3  1  4  1  4  1  2  1  4
  4  1  0  1  2  0  2  0  4  0  1  1  2  1  1  2  0  0  1  1  3  2  1  4
  1  1  1  1  1  1  2  2  1  1  1  1  3  1  0  2  4  0  0  1  4  0  2  1
  1  0  4  2  1  4  0  0  0  1  4  3  1  4  4  1 -1  0  0  1  3  1  0  1
  1  4  0  0  0  2  0  1  1  1  0  1  0  1  1  1  1  0  3  2  4  4  2  2
  1  0  1  1  1  1  0  4  2  3  1  1  1  4  4  0  0  0  3  1  2  0  0  1
  4  1  3  1  0  0  0  4  0  1  3  2  4  1  1  1  2  0  2  1  1  4  1  0
  1  0  4  1  0  1  1  1  1  1  0  2  1  0  4  1  1  1  1  1  2  0  2  2
  3  4  1  0  1 -1  3  1  0  4  2  0  1  0  2  1  1  0  1  1  1  4  0  0
  1  1  0  1  2  1  4 -1  2  2  1  1  0  0  0  1  1  0  0  0  1  1  1  1
  4  1  2  1  0  2  1  0  4  0  3  1  1  1  0  1  1  1  4  1  4  0  1  0
  2  0  2  1  1  1  3  1  0  2  0  2  1  4  0  1  1  1  2  4  0  1  0  1
  1  4  2  0  2  4  1  0  1  3  2  1  1  0  2  1  0  1  1  4  2  1  0  1
  1  1  4  0  0  4  1  0  1  0  1  1  2  1  4  4  2  1  0  0  4  0  0  0
  4  1  4  4  0  4  1  1  1  2  1  0  1  2  1  0  4  1  0  2  2  3  1  0
  1  1  1  1  1  1  2  2  1  1  0  2  0  0  0  1  1  1  1  1  1  1  0  1
  1  2  2  1  1  2  2  1  0  0  0  4  0  1  1  2  1  1  0  1  1  0  0  1
  0  1  4  1  0  1  1  4  1  0  0  1  4  2  1  1  3  1  0  1  1  2  4  4
  2  2  0  4  1  2  1  4  2  0  0  4  1  3  1  0  2  2  4  0  0  1  0  4
  1  2  0  0  1  2  4  1  2  1  4  2  1  4  2  3  1  3  1  4  0  1  1  1
  2  1  2  4  0  4  1  4  1  0  2  1  3  0  4  1  1  2  1  1  0  0  1  1
  1  1  2  1  2  0  4  0  3  1  1  2  0  1  1  1  1  1  0  0  1  4  0  1
  0  0  0  1  1  0  0  0  4  0  0  1  2  4  1  1  1  0  0  0  0  1  2  0
 -1  1  2  1  2  0  4  1  1  1  1  2  2  1  1  1  1 -1  1  1  1  1  1  1
  4  4  4  0  2  2  0  1 -1 -1  0  1  1  2  3  1]"
dbscan,4,,,,,0.04992599477299097,10,0.1,correlation,5,0.9029398679532757,0.336020751569126,6.0,correlation,0.9898978946821225,"[0 1 1 1 1 2 1 1 0 1 0 0 1 1 1 1 0 1 0 0 1 0 3 1 3 1 3 1 1 0 1 1 0 1 0 1 0
 1 1 1 1 0 0 2 0 1 0 0 0 1 1 3 2 0 1 1 1 1 1 0 0 0 1 0 0 2 1 0 0 1 0 1 0 2
 2 1 0 2 3 1 2 1 1 1 0 1 1 0 2 0 2 1 1 1 1 0 2 0 1 3 1 1 0 1 1 2 1 0 1 1 0
 1 1 1 1 1 0 1 1 1 1 1 1 3 0 1 1 1 0 1 1 1 0 1 1 0 2 1 1 0 1 0 0 1 1 0 0 1
 1 1 1 0 2 0 2 0 2 0 2 1 1 0 2 1 2 0 2 1 0 1 1 0 3 0 1 0 0 2 0 2 2 1 0 1 0
 0 0 1 1 2 1 0 0 3 1 1 1 1 0 0 0 1 1 3 0 0 2 2 2 1 1 2 1 0 0 1 1 3 2 0 1 1
 0 0 0 3 2 0 0 1 0 1 0 1 1 0 0 1 2 1 1 1 1 0 1 1 0 1 1 1 0 1 1 1 1 1 0 1 1
 0 1 1 0 0 1 3 1 0 0 2 0 1 1 1 0 2 2 0 1 0 0 0 0 0 0 1 0 0 1 2 0 1 0 2 0 1
 2 1 0 0 1 1 1 0 1 1 0 0 0 1 2 1 1 0 2 0 0 1 1 0 1 1 0 1 1 1 0 1 1 0 3 1 1
 0 0 1 1 3 2 1 2 0 2 1 0 1 1 1 2 2 1 1 1 2 1 1 0 1 0 0 1 0 1 3 0 1 1 1 2 1
 0 0 1 1 0 1 0 0 1 1 0 0 2 2 0 1 1 0 1 2 0 1 0 1 0 0 0 1 1 1 0 1 0 2 0 1 2
 2 2 0 1 1 0 0 1 1 0 2 2 3 0 2 0 3 1 0 1 0 1 2 1 0 0 1 0 1 2 0 2 0 0 0 1 1
 2 1 1 2 0 0 1 1 3 2 1 0 1 1 1 1 1 1 2 2 1 1 1 1 3 1 0 2 0 0 0 1 0 0 2 1 1
 0 0 2 1 0 0 0 0 1 0 3 1 0 0 1 1 0 0 1 3 1 0 1 1 0 0 0 0 2 0 1 1 1 0 1 0 1
 1 1 1 0 3 2 0 0 2 2 1 0 1 1 1 1 0 0 2 3 1 1 1 0 0 0 0 0 3 1 2 0 0 1 0 1 3
 1 0 0 0 0 0 1 3 2 0 1 1 1 2 0 2 1 1 0 1 0 1 0 0 1 0 1 1 1 1 1 0 2 1 0 0 1
 1 1 1 1 2 0 2 2 3 0 1 0 1 1 3 1 0 0 2 0 1 0 2 1 1 0 1 1 1 0 0 0 1 1 0 1 2
 1 0 0 2 2 1 1 0 0 0 1 1 0 0 0 1 1 1 1 0 1 2 1 0 2 1 0 0 0 3 1 1 1 0 1 1 1
 0 1 0 0 1 0 2 0 2 1 1 1 3 1 0 2 0 2 1 0 0 1 1 1 2 0 0 1 0 1 1 0 2 0 2 0 1
 0 1 3 2 1 1 0 2 1 0 1 1 0 2 1 0 1 1 1 0 0 0 0 1 0 1 0 1 1 2 1 0 0 2 1 0 0
 0 0 0 0 0 1 0 0 0 0 1 1 1 2 1 0 1 2 1 0 0 1 0 2 2 3 1 0 1 1 1 1 1 1 2 2 1
 1 0 2 0 0 0 1 1 1 1 1 1 1 0 1 1 2 2 1 1 2 2 1 0 0 0 0 0 1 1 2 1 1 0 1 1 0
 0 1 0 1 0 1 0 1 1 0 1 0 0 1 0 2 1 1 3 1 0 1 1 2 0 0 2 2 0 0 1 2 1 0 2 0 0
 0 1 3 1 0 2 2 0 0 0 1 0 0 1 2 0 0 1 2 0 1 2 1 0 2 1 0 2 3 1 3 1 0 0 1 1 1
 2 1 2 0 0 0 1 0 1 0 2 1 3 0 0 1 1 2 1 1 0 0 1 1 1 1 2 1 2 0 0 0 3 1 1 2 0
 1 1 1 1 1 0 0 1 0 0 1 0 0 0 1 1 0 0 0 0 0 0 1 2 0 1 1 1 0 0 0 0 1 2 0 0 1
 2 1 2 0 0 1 1 1 1 2 2 1 1 1 1 1 1 1 1 1 1 1 0 0 0 0 2 2 0 1 0 1 0 1 1 2 3
 1]"
dbscan,6,,,,,0.03837772248310004,10,0.1,cosine,5,0.8991184357541899,0.5303089446707167,6.0,chebyshev,0.875447480428535,"[0 1 1 1 1 2 1 1 0 1 3 0 1 1 1 1 0 1 3 0 1 3 4 1 4 1 4 1 1 0 1 1 0 1 3 1 5
 1 1 1 1 5 0 2 5 1 0 0 5 1 1 4 2 5 1 1 1 1 1 3 0 3 1 0 5 2 1 5 0 1 5 1 0 2
 2 1 0 2 4 1 2 1 1 1 5 1 1 0 2 0 2 1 1 1 1 3 2 0 1 4 1 1 5 1 1 2 1 3 1 1 3
 1 1 1 1 1 0 1 1 1 1 1 1 4 5 1 1 1 5 1 1 1 5 1 1 5 2 1 1 0 1 0 0 1 1 0 0 1
 1 1 1 0 2 0 2 3 2 1 2 1 1 0 2 1 2 5 2 1 3 1 1 5 4 0 1 3 5 2 5 2 2 1 5 1 5
 0 3 1 1 2 1 5 5 4 1 1 1 1 3 5 3 1 1 4 3 0 2 2 2 1 1 2 1 0 3 1 1 4 2 5 1 1
 5 3 0 4 2 5 0 1 5 1 3 1 1 5 0 1 2 1 1 1 1 0 1 1 0 1 1 1 0 1 1 1 1 1 0 1 1
 0 1 1 3 3 1 4 1 3 0 2 0 1 1 1 0 2 2 0 1 0 0 5 0 0 3 1 5 0 1 2 0 1 0 2 0 1
 2 1 3 0 1 1 1 3 1 1 0 3 5 1 2 1 1 5 2 5 3 1 1 5 1 1 0 1 1 1 0 1 1 5 4 1 1
 0 3 1 1 4 2 1 2 0 2 1 0 1 1 1 2 2 1 1 1 2 1 1 3 1 0 0 1 0 1 4 5 1 1 1 2 1
 5 5 1 1 0 1 3 0 1 1 0 3 2 2 3 1 1 5 1 2 5 1 5 1 3 3 5 1 1 1 0 1 0 2 3 1 2
 2 2 5 1 1 0 5 1 1 5 2 2 4 0 2 5 4 1 5 1 5 1 2 1 5 5 1 3 1 2 0 2 0 5 0 1 1
 2 1 1 2 0 0 1 1 4 2 1 5 1 1 1 1 1 1 2 2 1 1 1 1 4 1 0 2 5 0 3 1 5 0 2 1 1
 0 5 2 1 5 3 0 3 1 5 4 1 5 5 1 1 0 0 1 4 1 0 1 1 5 0 0 0 2 0 1 1 1 0 1 0 1
 1 1 1 3 4 2 1 5 2 2 1 0 1 1 1 1 0 1 2 4 1 1 1 5 5 0 3 0 4 1 2 0 0 1 5 1 4
 1 3 0 3 5 3 1 4 2 5 1 1 1 2 0 2 1 1 5 1 0 1 0 5 1 3 1 1 1 1 1 0 2 1 3 5 1
 1 1 1 1 2 3 2 2 4 5 1 0 1 1 4 1 0 5 2 3 1 3 2 1 1 3 1 1 1 1 3 0 1 1 0 1 2
 1 5 1 2 2 1 1 0 3 3 1 1 0 0 0 1 1 1 1 5 1 2 1 3 2 1 0 5 3 4 1 1 1 0 1 1 1
 5 1 5 0 1 0 2 0 2 1 1 1 4 1 0 2 3 2 1 5 0 1 1 1 2 5 0 1 5 1 1 5 2 3 2 5 1
 0 1 4 2 1 1 0 2 1 0 1 1 5 2 1 3 1 1 1 5 0 3 5 1 3 1 0 1 1 2 1 5 5 2 1 3 3
 5 0 0 3 5 1 5 5 0 5 1 1 1 2 1 0 1 2 1 3 5 1 1 2 2 4 1 3 1 1 1 1 1 1 2 2 1
 1 3 2 3 3 3 1 1 1 1 1 1 1 0 1 1 2 2 1 1 2 2 1 3 3 3 5 0 1 1 2 1 1 0 1 1 0
 0 1 0 1 5 1 0 1 1 5 1 3 0 1 5 2 1 1 4 1 3 1 1 2 5 5 2 2 0 5 1 2 1 5 2 0 0
 5 1 4 1 0 2 2 5 0 0 1 0 5 1 2 3 0 1 2 5 1 2 1 5 2 1 5 2 4 1 4 1 5 3 1 1 1
 2 1 2 5 3 5 1 5 1 3 2 1 4 3 5 1 1 2 1 1 0 3 1 1 1 1 2 1 2 3 5 0 4 1 1 2 0
 1 1 1 1 1 3 0 1 5 0 1 0 0 0 1 1 0 0 0 5 3 3 1 2 5 1 1 1 0 0 0 3 1 2 0 1 1
 2 1 2 0 5 1 1 1 1 2 2 1 1 1 1 1 1 1 1 1 1 1 5 5 5 3 2 2 0 1 1 1 0 1 1 2 4
 1]"
dbscan,4,,,,,0.049971312473763754,25,0.1,correlation,5,0.9002767983367983,0.3249535167615174,6.0,correlation,0.9991744685627085,"[0 1 1 1 1 2 1 1 0 1 0 0 1 1 1 1 0 1 0 0 1 0 3 1 3 1 3 1 1 0 1 1 0 1 0 1 0
 1 1 1 1 0 0 2 0 1 0 0 0 1 1 3 2 0 1 1 1 1 1 0 0 0 1 0 0 2 1 0 0 1 0 1 0 2
 2 1 0 2 3 1 2 1 1 1 0 1 1 0 2 0 2 1 1 1 1 0 2 0 1 3 1 1 0 1 1 2 1 0 1 1 0
 1 1 1 1 1 0 1 1 1 1 1 1 3 0 1 1 1 0 1 1 1 0 1 1 0 2 1 1 0 1 0 0 1 1 0 0 1
 1 1 1 0 2 0 2 0 2 0 2 1 1 0 2 1 2 0 2 1 0 1 1 0 3 0 1 0 0 2 0 2 2 1 0 1 0
 0 0 1 1 2 1 0 0 3 1 1 1 1 0 0 0 1 1 3 0 0 2 2 2 1 1 2 1 0 0 1 1 3 2 0 1 1
 0 0 0 3 2 0 0 1 0 1 0 1 1 0 0 1 2 1 1 1 1 0 1 1 0 1 1 1 0 1 1 1 1 1 0 1 1
 0 1 1 0 0 1 3 1 0 0 2 0 1 1 1 0 2 2 0 1 0 0 0 0 0 0 1 0 0 1 2 0 1 0 2 0 1
 2 1 0 0 1 1 1 0 1 1 0 0 0 1 2 1 1 0 2 0 0 1 1 0 1 1 0 1 1 1 0 1 1 0 3 1 1
 0 0 1 1 3 2 1 2 0 2 1 0 1 1 1 2 2 1 1 1 2 1 1 0 1 0 0 1 0 1 3 0 1 1 1 2 1
 0 0 1 1 0 1 0 0 1 1 0 0 2 2 0 1 1 0 1 2 0 1 0 1 0 0 0 1 1 1 0 1 0 2 0 1 2
 2 2 0 1 1 0 0 1 1 0 2 2 3 0 2 0 3 1 0 1 0 1 2 1 0 0 1 0 1 2 0 2 0 0 0 1 1
 2 1 1 2 0 0 1 1 3 2 1 0 1 1 1 1 1 1 2 2 1 1 1 1 3 1 0 2 0 0 0 1 0 0 2 1 1
 0 0 2 1 0 0 0 0 1 0 3 1 0 0 1 1 0 0 1 3 1 0 1 1 0 0 0 0 2 0 1 1 1 0 1 0 1
 1 1 1 0 3 2 0 0 2 2 1 0 1 1 1 1 0 0 2 3 1 1 1 0 0 0 0 0 3 1 2 0 0 1 0 1 3
 1 0 0 0 0 0 1 3 2 0 1 1 1 2 0 2 1 1 0 1 0 1 0 0 1 0 1 1 1 1 1 0 2 1 0 0 1
 1 1 1 1 2 0 2 2 3 0 1 0 1 1 3 1 0 0 2 0 1 0 2 1 1 0 1 1 1 0 0 0 1 1 0 1 2
 1 0 0 2 2 1 1 0 0 0 1 1 0 0 0 1 1 1 1 0 1 2 1 0 2 1 0 0 0 3 1 1 1 0 1 1 1
 0 1 0 0 1 0 2 0 2 1 1 1 3 1 0 2 0 2 1 0 0 1 1 1 2 0 0 1 0 1 1 0 2 0 2 0 1
 0 1 3 2 1 1 0 2 1 0 1 1 0 2 1 0 1 1 1 0 0 0 0 1 0 1 0 1 1 2 1 0 0 2 1 0 0
 0 0 0 0 0 1 0 0 0 0 1 1 1 2 1 0 1 2 1 0 0 1 0 2 2 3 1 0 1 1 1 1 1 1 2 2 1
 1 0 2 0 0 0 1 1 1 1 1 1 1 0 1 1 2 2 1 1 2 0 1 0 0 0 0 0 1 1 2 1 1 0 1 1 0
 0 1 0 1 0 1 0 1 1 0 1 0 0 1 0 2 1 1 3 1 0 1 1 2 0 0 2 2 0 0 1 2 1 0 2 0 0
 0 1 3 1 0 2 2 0 0 0 1 0 0 1 2 0 0 1 2 0 1 2 1 0 2 1 0 2 3 1 3 1 0 0 1 1 1
 2 1 2 0 0 0 1 0 1 0 2 1 3 0 0 1 1 2 1 1 0 0 1 1 1 1 2 1 2 0 0 0 3 1 1 2 0
 1 1 1 1 1 0 0 1 0 0 1 0 0 0 1 1 0 0 0 0 0 0 1 2 0 1 1 1 0 0 0 0 1 2 0 1 1
 2 1 2 0 0 1 1 1 1 2 2 1 1 1 1 1 1 1 1 1 1 1 0 0 0 0 2 2 0 1 0 1 0 1 1 2 3
 1]"
dbscan,5,,,,,0.032884231508019404,25,0.1,cosine,5,0.9044423284823285,0.29410773209495117,6.0,chebyshev,0.9073371580344439,"[ 0  1  1  1  1  2  1  1  0  1  0  0  1  1  1  1  0  1  0  0  1  0  3  1
  3  1  3  1  1  0  1  1  0  1  0  1  4  1  1  1  1  4  0  2  4  1  0  0
  4  1  1  3  2  4  1  1  1  1  1  0  0  0  1  0  4  2  1  4  0  1  4  1
  0  2  2  1  0  2  3  1  2  1  1  1  4  1  1  0  2  0  2  1  1  1  1  0
  2  0  1  3  1  1  4  1  1  2  1  0  1  1  0  1  1  1  1  1  0  1  1  1
  1  1  1  3  4  1  1  1  4  1  1  1  4  1  1  4  2  1  1  0  1  0  0  1
  1  0  0  1  1  1  1  0  2  0  2  0  2  4  2  1  1  0  2  1  2  4  2  1
  0  1  1  4  3  0  1  0  4  2  4  2  2  1  4  1  4  0  0  1  1  2  1  4
  4  3  1  1  1  1  0  4  0  1  1  3  0  0  2  2  2  1  1  2  1  0  0  1
  1  3  2  4  1  1  4  0  0  3  2  4  0  1  4  1  0  1  1  4  0  1  2  1
  1  1  1  0  1  1  0  1  1  1  0  1  1  1  1  1  0  1  1  0  1  1  0  0
  1  3  1  0  0  2  0  1  1  1  0  2  2  0  1  0  0  4  0  0  0  1  4  0
  1  2  0  1  0  2  0  1  2  1  0  0  1  1  1  0  1  1  0  0  4  1  2  1
  1  4  2  4  0  1  1  4  1  1  0  1  1  1  0  1  1  4  3  1  1  0  0  1
  1  3  2  1  2  0  2  1  0  1  1  1  2  2  1  1  1  2  1  1  0  1  0  0
  1  0  1  3  4  1  1  1  2  1  4  4  1  1  0  1  0  0  1  1  0  0  2  2
  0  1  1  4  1  2  4  1  4  1  0  0  4  1  1  1  0  1  0  2  0  1  2  2
  2  4  1  1  0  4  1  1  4  2  2  3  0  2  4  3  1  4  1  4  1  2  1  4
  4  1  0  1  2  0  2  0  4  0  1  1  2  1  1  2  0  0  1  1  3  2  1  4
  1  1  1  1  1  1  2  2  1  1  1  1  3  1  0  2  4  0  0  1  4  0  2  1
  1  0  4  2  1  4  0  0  0  1  4  3  1  4  4  1  1  0  0  1  3  1  0  1
  1  4  0  0  0  2  0  1  1  1  0  1  0  1  1  1  1  0  3  2  1  4  2  2
  1  0  1  1  1  1  0  4  2  3  1  1  1  4  4  0  0  0  3  1  2  0  0  1
  4  1  3  1  0  0  0  4  0  1  3  2  4  1  1  1  2  0  2  1  1  4  1  0
  1  0  4  1  0  1  1  1  1  1  0  2  1  0  4  1  1  1  1  1  2  0  2  2
  3  4  1  0  1 -1  3  1  0  0  2  0  1  0  2  1  1  0  1  1  1  4  0  0
  1  1  0  1  2  1  4 -1  2  2  1  1  0  0  0  1  1  0  0  0  1  1  1  1
  4  1  2  1  0  2  1  0  4  0  3  1  1  1  0  1  1  1  4  1  4  0  1  0
  2  0  2  1  1  1  3  1  0  2  0  2  1  4  0  1  1  1  2  4  0  1  4  1
  1  4  2  0  2  4  1  0  1  3  2  1  1  0  2  1  0  1  1  4  2  1  0  1
  1  1  4  0  0  4  1  0  1  0  1  1  2  1  4  4  2  1  0  0  4  0  0  0
  4  1  4  4  0  4  1  1  1  2  1  0  1  2  1  0  4  1  0  2  2  3  1  0
  1  1  1  1  1  1  2  2  1  1  0  2  0  0  0  1  1  1  1  1  1  1  0  1
  1  2  2  1  1  2  2  1  0  0  0  4  0  1  1  2  1  1  0  1  1  0  0  1
  0  1  4  1  0  1  1  4  1  0  0  1  4  2  1  1  3  1  0  1  1  2  4  4
  2  2  0  4  1  2  1  4  2  0  0  4  1  3  1  0  2  2  4  0  0  1  0  4
  1  2  0  0  1  2  4  1  2  1  4  2  1  4  2  3  1  3  1  4  0  1  1  1
  2  1  2  4  0  4  1  4  1  0  2  1  3  0  4  1  1  2  1  1  0  0  1  1
  1  1  2  1  2  0  4  0  3  1  1  2  0  1  1  1  1  1  0  0  1  4  0  1
  0  0  0  1  1  0  0  0  4  0  0  1  2  4  1  1  1  0  0  0  0  1  2  0
  1  1  2  1  2  0  4  1  1  1  1  2  2  1  1  1  1  1  1  1  1  1  1  1
  4  4  4  0  2  2  0 -1  1 -1  0  1  1  2  3  1]"
dbscan,4,,,,,0.05383844037767858,50,0.1,correlation,5,0.9007876473769605,0.3332317553219278,6.0,correlation,0.9977672108571749,"[0 1 1 1 1 2 1 1 0 1 0 0 1 1 1 1 0 1 0 0 1 0 3 1 3 1 3 1 1 0 1 1 0 1 0 1 0
 1 1 1 1 0 0 2 0 1 0 0 0 1 1 3 2 0 1 1 1 1 1 0 0 0 1 0 0 2 1 0 0 1 0 1 0 2
 2 1 0 2 3 1 2 1 1 1 0 1 1 0 2 0 2 1 1 1 1 0 2 0 1 3 1 1 0 1 1 2 1 0 1 1 0
 1 1 1 1 1 0 1 1 1 1 1 1 3 0 1 1 1 0 1 1 1 0 1 1 0 2 1 1 0 1 0 0 1 1 0 0 1
 1 1 1 0 2 0 2 0 2 0 2 1 1 0 2 1 2 0 2 1 0 1 1 0 3 0 1 0 0 2 0 2 2 1 0 1 0
 0 0 1 1 2 1 0 0 3 1 1 1 1 0 0 0 1 1 3 0 0 2 2 2 1 1 2 1 0 0 1 1 3 2 0 1 1
 0 0 0 3 2 0 0 1 0 1 0 1 1 0 0 1 2 1 1 1 1 0 1 1 0 1 1 1 0 1 1 1 1 1 0 1 1
 0 1 1 0 0 1 3 1 0 0 2 0 1 1 1 0 2 2 0 1 0 0 0 0 0 0 1 0 0 1 2 0 1 0 2 0 1
 2 1 0 0 1 1 1 0 1 1 0 0 0 1 2 1 1 0 2 0 0 1 1 0 1 1 0 1 1 1 0 1 1 0 3 1 1
 0 0 1 1 3 2 1 2 0 2 1 0 1 1 1 2 2 1 1 1 2 1 1 0 1 0 0 1 0 1 3 0 1 1 1 2 1
 0 0 1 1 0 1 0 0 1 1 0 0 2 2 0 1 1 0 1 2 0 1 0 1 0 0 0 1 1 1 0 1 0 2 0 1 2
 2 2 0 1 1 0 0 1 1 0 2 2 3 0 2 0 3 1 0 1 0 1 2 1 0 0 1 0 1 2 0 2 0 0 0 1 1
 2 1 1 2 0 0 1 1 3 2 1 0 1 1 1 1 1 1 2 2 1 1 1 1 3 1 0 2 0 0 0 1 0 0 2 1 1
 0 0 2 1 0 0 0 0 1 0 3 1 0 0 1 1 0 0 1 3 1 0 1 1 0 0 0 0 2 0 1 1 1 0 1 0 1
 1 1 1 0 3 2 0 0 2 2 1 0 1 1 1 1 0 0 2 3 1 1 1 0 0 0 0 0 3 1 2 0 0 1 0 1 3
 1 0 0 0 0 0 1 3 2 0 1 1 1 2 0 2 1 1 0 1 0 1 0 0 1 0 1 1 1 1 1 0 2 1 0 0 1
 1 1 1 1 2 0 2 2 3 0 1 0 1 1 3 1 0 0 2 0 1 0 2 1 1 0 1 1 1 0 0 0 1 1 0 1 2
 1 0 0 2 2 1 1 0 0 0 1 1 0 0 0 1 1 1 1 0 1 2 1 0 2 1 0 0 0 3 1 1 1 0 1 1 1
 0 1 0 0 1 0 2 0 2 1 1 1 3 1 0 2 0 2 1 0 0 1 1 1 2 0 0 1 0 1 1 0 2 0 2 0 1
 0 1 3 2 1 1 0 2 1 0 1 1 0 2 1 0 1 1 1 0 0 0 0 1 0 1 0 1 1 2 1 0 0 2 1 0 0
 0 0 0 0 0 1 0 0 0 0 1 1 1 2 1 0 1 2 1 0 0 1 0 2 2 3 1 0 1 1 1 1 1 1 2 2 1
 1 0 2 0 0 0 1 1 1 1 1 1 1 0 1 1 2 2 1 1 2 0 1 0 0 0 0 0 1 1 2 1 1 0 1 1 0
 0 1 0 1 0 1 0 1 1 0 1 0 0 1 0 2 1 1 3 1 0 1 1 2 0 0 2 2 0 0 1 2 1 0 2 0 0
 0 1 3 1 0 2 2 0 0 0 1 0 0 1 2 0 0 1 2 0 1 2 1 0 2 1 0 2 3 1 3 1 0 0 1 1 1
 2 1 2 0 0 0 1 0 1 0 2 1 3 0 0 1 1 2 1 1 0 0 1 1 1 1 2 1 2 0 0 0 3 1 1 2 0
 1 1 1 1 1 0 0 1 0 0 1 0 0 0 1 1 0 0 0 0 0 0 1 2 0 1 1 1 0 0 0 0 1 2 0 1 1
 2 1 2 0 0 1 1 1 1 2 2 1 1 1 1 1 1 1 1 1 1 1 0 0 0 0 2 2 0 1 1 1 0 1 1 2 3
 1]"
dbscan,5,,,,,0.0343704484135635,50,0.1,cosine,5,0.8959546998377501,0.5599598803527742,6.0,chebyshev,0.9511074781149548,"[ 0  1  1  1  1  2  1  1  0  1  0  0  1  1  1  1  0  1  0  0  1  0  3  1
  3  1  3  1  1  0  1  1  0  1  0  1  4  1  1  1  1  4  0  2  4  1  0  0
  4  1  1  3  2  4  1  1  1  1  1  0  0  0  1  0  4  2  1  4  0  1  4  1
  0  2  2  1  0  2  3  1  2  1  1  1  4  1  1  0  2  0  2  1  1  1  1  0
  2  0  1  3  1  1  4  1  1  2  1  0  1  1  0  1  1  1  1  1  0  1  1  1
  1  1  1  3  4  1  1  1  4  1  1  1  4  1  1  4  2  1  1  0  1  0  0  1
  1  0  0  1  1  1  1  0  2  0  2  0  2  4  2  1  1  0  2  1  2  4  2  1
  0  1  1  4  3  0  1  0  4  2  4  2  2  1  4  1  4  0  0  1  1  2  1  4
  4  3  1  1  1  1  0  4  0  1  1  3  0  0  2  2  2  1  1  2  1  0  0  1
  1  3  2  4  1  1  4  0  0  3  2  4  0  1  4  1  0  1  1  4  0  1  2  1
  1  1  1  0  1  1  0  1  1  1  0  1  1  1  1  1  0  1  1  0  1  1  0  0
  1  3  1  0  0  2  0  1  1  1  0  2  2  0  1  0  0  4  0  0  0  1  4  0
  1  2  0  1  0  2  0  1  2  1  0  0  1  1  1  0  1  1  0  0  4  1  2  1
  1  4  2  4  0  1  1  4  1  1  0  1  1  1  0  1  1  4  3  1  1  0  0  1
  1  3  2  1  2  0  2  1  0  1  1  1  2  2  1  1  1  2  1  1  0  1  0  0
  1  0  1  3  4  1  1  1  2  1  4  4  1  1  0  1  0  0  1  1  0  0  2  2
  0  1  1  4  1  2  4  1  4  1  0  0  4  1  1  1  0  1  0  2  0  1  2  2
  2  4  1  1  0  4  1  1  4  2  2  3  0  2  4  3  1  4  1  4  1  2  1  4
  4  1  0  1  2  0  2  0  4  0  1  1  2  1  1  2  0  0  1  1  3  2  1  4
  1  1  1  1  1  1  2  2  1  1  1  1  3  1  0  2  4  0  0  1  4  0  2  1
  1  0  4  2  1  4  0  0  0  1  4  3  1  4  4  1  1  0  0  1  3  1  0  1
  1  4  0  0  0  2  0  1  1  1  0  1  0  1  1  1  1  0  3  2 -1  4  2  2
  1  0  1  1  1  1  0  4  2  3  1  1  1  4  4  0  0  0  3  1  2  0  0  1
  4  1  3  1  0  0  0  4  0  1  3  2  4  1  1  1  2  0  2  1  1  4  1  0
  1  0  4  1  0  1  1  1  1  1  0  2  1  0  4  1  1  1  1  1  2  0  2  2
  3  4  1  0  1 -1  3  1  0  4  2  0  1  0  2  1  1  0  1  1  1  4  0  0
  1  1  0  1  2  1  4  1  2  2  1  1  0  0  0  1  1  0  0  0  1  1  1  1
  4  1  2  1  0  2  1  0  4  0  3  1  1  1  0  1  1  1  4  1  4  0  1  0
  2  0  2  1  1  1  3  1  0  2  0  2  1  4  0  1  1  1  2  4  0  1  0  1
  1  4  2  0  2  4  1  0  1  3  2  1  1  0  2  1  0  1  1  4  2  1  0  1
  1  1  4  0  0  4  1  0  1  0  1  1  2  1  4  4  2  1  0  0  4  0  0  0
  4  1  4  4  0  4  1  1  1  2  1  0  1  2  1  0  4  1 -1  2  2  3  1  0
  1  1  1  1  1  1  2  2  1  1  0  2  0  0  0  1  1  1  1  1  1  1  0  1
  1  2  2  1  1  2  2  1  0  0  0  4  0  1  1  2  1  1  0  1  1  0  0  1
  0  1  4  1  0  1  1  4  1  0  0  1  4  2  1  1  3  1  0  1  1  2  4  4
  2  2  0  4  1  2  1  4  2  0  0  4  1  3  1  0  2  2  4  0  0  1  0  4
  1  2  0  0  1  2  4  1  2  1  4  2  1  4  2  3  1  3  1  4  0  1  1  1
  2  1  2  4  0  4  1  4  1  0  2  1  3  0  4  1  1  2  1  1  0  0  1  1
  1  1  2  1  2  0  4  0  3  1  1  2  0  1  1  1  1  1  0  0  1  4  0  1
  0  0  0  1  1  0  0  0  4  0  0  1  2  4  1  1  1  0  0  0  0  1  2  0
  1  1  2  1  2  0  4  1  1  1  1  2  2  1  1  1  1 -1  1  1  1  1  1  1
  4  4  4  0  2  2  0  1 -1  1  0  1  1  2  3  1]"
dbscan,4,,,,,0.053313487941874745,100,0.1,correlation,5,0.8971794820482637,0.3184126777786435,6.0,correlation,0.9956075551356771,"[0 1 1 1 1 2 1 1 0 1 0 0 1 1 1 1 0 1 0 0 1 0 3 1 3 1 3 1 1 0 1 1 0 1 0 1 0
 1 1 1 1 0 0 2 0 1 0 0 0 1 1 3 2 0 1 1 1 1 1 0 0 0 1 0 0 2 1 0 0 1 0 1 0 2
 2 1 0 2 3 1 2 1 1 1 0 1 1 0 2 0 2 1 1 1 1 0 2 0 1 3 1 1 0 1 1 2 1 0 1 1 0
 1 1 1 1 1 0 1 1 1 1 1 1 3 0 1 1 1 0 1 1 1 0 1 1 0 2 1 1 0 1 0 0 1 1 0 0 1
 1 1 1 0 2 0 2 0 2 0 2 1 1 0 2 1 2 0 2 1 0 1 1 0 3 0 1 0 0 2 0 2 2 1 0 1 0
 0 0 1 1 2 1 0 0 3 1 1 1 1 0 0 0 1 1 3 0 0 2 2 2 1 1 2 1 0 0 1 1 3 2 0 1 1
 0 0 0 3 2 0 0 1 0 1 0 1 1 0 0 1 2 1 1 1 1 0 1 1 0 1 1 1 0 1 1 1 1 1 0 1 1
 0 1 1 0 0 1 3 1 0 0 2 0 1 1 1 0 2 2 0 1 0 0 0 0 0 0 1 0 0 1 2 0 1 0 2 0 1
 2 1 0 0 1 1 1 0 1 1 0 0 0 1 2 1 1 0 2 0 0 1 1 0 1 1 0 1 1 1 0 1 1 0 3 1 1
 0 0 1 1 3 2 1 2 0 2 1 0 1 1 1 2 2 1 1 1 2 1 1 0 1 0 0 1 0 1 3 0 1 1 1 2 1
 0 0 1 1 0 1 0 0 1 1 0 0 2 2 0 1 1 0 1 2 0 1 0 1 0 0 0 1 1 1 0 1 0 2 0 1 2
 2 2 0 1 1 0 0 1 1 0 2 2 3 0 2 0 3 1 0 1 0 1 2 1 0 0 1 0 1 2 0 2 0 0 0 1 1
 2 1 1 2 0 0 1 1 3 2 1 0 1 1 1 1 1 1 2 2 1 1 1 1 3 1 0 2 0 0 0 1 0 1 2 1 1
 0 0 2 1 0 0 0 0 1 0 3 1 0 0 1 1 0 0 1 3 1 0 1 1 0 0 0 0 2 0 1 1 1 0 1 0 1
 1 1 1 0 3 2 0 0 2 2 1 0 1 1 1 1 0 0 2 3 1 1 1 0 0 0 0 0 3 1 2 0 0 1 0 1 3
 1 0 0 0 0 0 1 3 2 0 1 1 1 2 0 2 1 1 0 1 0 1 0 0 1 0 1 1 1 1 1 0 2 1 0 0 1
 1 1 1 1 2 0 2 2 3 0 1 0 1 1 3 1 0 0 2 0 1 0 2 1 1 0 1 1 1 0 0 0 1 1 0 1 2
 1 0 1 2 2 1 1 0 0 0 1 1 0 0 0 1 1 1 1 0 1 2 1 0 2 1 0 0 0 3 1 1 1 0 1 1 1
 0 1 0 0 1 0 2 0 2 1 1 1 3 1 0 2 0 2 1 0 0 1 1 1 2 0 0 1 0 1 1 0 2 0 2 0 1
 0 1 3 2 1 1 0 2 1 0 1 1 0 2 1 0 1 1 1 0 0 0 0 1 0 1 0 1 1 2 1 0 0 2 1 0 0
 0 0 0 0 0 1 0 0 0 0 1 1 1 2 1 0 1 2 1 0 0 1 1 2 2 3 1 0 1 1 1 1 1 1 2 2 1
 1 0 2 0 0 0 1 1 1 1 1 1 1 0 1 1 2 2 1 1 2 0 1 0 0 0 0 0 1 1 2 1 1 0 1 1 0
 0 1 0 1 0 1 0 1 1 0 1 0 0 1 0 2 1 1 3 1 0 1 1 2 0 0 2 2 0 0 1 2 1 0 2 0 0
 0 1 3 1 0 2 2 0 0 0 1 0 0 1 2 0 0 1 2 0 1 2 1 0 2 1 0 2 3 1 3 1 0 0 1 1 1
 2 1 2 0 0 0 1 0 1 0 2 1 3 0 0 1 1 2 1 1 0 0 1 1 1 1 2 1 2 0 0 0 3 1 1 2 0
 1 1 1 1 1 0 0 1 0 0 1 0 0 0 1 1 0 0 0 0 0 0 1 2 0 1 1 1 0 0 0 0 1 2 0 1 1
 2 1 2 0 0 1 1 1 1 2 2 1 1 1 1 1 1 1 1 1 1 1 0 0 0 0 2 2 0 1 1 1 0 1 1 2 3
 1]"
dbscan,5,,,,,0.03100924975203804,100,0.1,cosine,5,0.8897755503237198,0.5359351937494936,6.0,minkowski,0.9035332072852728,"[ 0  1  1  1  1  2  1  1  0  1  0  0  1  1  1  1  0  1  0  0  1  0  3  1
  3  1  3  1  1  0  1  1  0  1  0  1  4  1  1  1  1  4  0  2  4  1  0  0
  4  1  1  3  2  4  1  1  1  1  1  0  0  0  1  0  4  2  1  4  0  1  4  1
  0  2  2  1  0  2  3  1  2  1  1  1  4  1  1  0  2  0  2  1  1  1  1  0
  2  0  1  3  1  1  4  1  1  2  1  0  1  1  0  1  1  1  1  1  0  1  1  1
  1  1  1  3  4 -1  1  1  4  1  1  1  4  1  1  4  2  1  1  0  1  0  0  1
  1  0  0  1  1  1  1  0  2  0  2  0  2  4  2  1  1  0  2  1  2  4  2  1
  0  1  1  4  3  0  1  0  4  2  4  2  2  1  4  1  4  0  0  1  1  2  1  4
  4  3  1  1  1  1  0  4  0  1  1  3  0  0  2  2  2  1  1  2  1  0  0  1
  1  3  2  4  1  1  4  0  0  3  2  4  0  1  4  1  0  1  1  4  0  1  2  1
  1  1  1  0  1  1  0  1  1  1  0  1  1  1  1  1  0  1  1  0  1  1  0  0
  1  3  1  0  0  2  0  1  1  1  0  2  2  0 -1  0  0  4  0  0  0  1  4  0
  1  2  0  1  0  2  0  1  2  1  0  0  1  1  1  0  1  1  0  0  4  1  2  1
  1  4  2  4  0  1  1  4  1  1  0  1  1  1  0  1  1  4  3  1  1  0  0  1
  1  3  2  1  2  0  2  1  0  1  1  1  2  2  1  1  1  2  1  1  0  1  0  0
  1  0  1  3  4  1  1  1  2  1  4  4  1  1  0  1  0  0  1  1  0  0  2  2
  0  1  1  4  1  2  4  1  4  1  0  0  4  1  1  1  0  1  0  2  0  1  2  2
  2  4  1  1  0  4  1  1  4  2  2  3  0  2  4  3  1  4  1  4  1  2  1  4
  4  1  0  1  2  0  2  0  4  0  1  1  2  1  1  2  0  0  1  1  3  2  1  4
  1  1  1  1  1  1  2  2  1  1  1  1  3  1  0  2  4  0  0  1  4  0  2  1
  1  0  4  2  1  4  0  0  0  1  4  3  1  4  4  1  1  0  0  1  3  1  0  1
  1  4  0  0  0  2  0  1  1  1  0  1  0  1  1  1  1  0  3  2  4  4  2  2
  1  0  1  1  1  1  0  4  2  3  1  1  1  4  4  0  0  0  3  1  2  0  0  1
  4  1  3  1  0  0  0  4  0  1  3  2  4  1  1  1  2  0  2  1  1  4  1  0
  1  0  4  1  0  1  1  1  1  1  0  2  1  0  4  1  1  1  1  1  2  0  2  2
  3  4  1  0  1 -1  3  1  0  4  2  0  1  0  2  1  1  0  1  1  1  4  0  0
  1  1  0  1  2  1  4 -1  2  2  1  1  0  0  0  1  1  0  0  0  1  1  1  1
  4  1  2  1  0  2  1  0  4  0  3  1  1  1  0  1  1  1  4  1  4  0  1  0
  2  0  2  1  1  1  3  1  0  2  0  2  1  4  0  1  1  1  2  4  0  1  4  1
  1  4  2  0  2  4  1  0  1  3  2  1  1  0  2  1  0  1  1  4  2  1  0  1
  1  1  4  0  0  4  1  0  1  0  1  1  2  1  4  4  2  1  0  0  4  0  0  0
  4  1  4  4  0  4  1  1  1  2  1  0  1  2  1  0  4  1  0  2  2  3  1  0
  1  1  1  1  1  1  2  2  1  1  0  2  0  0  0  1  1  1  1  1  1  1  0  1
  1  2  2  1  1  2  2  1  0  0  0  4  0  1  1  2  1  1  0  1  1  0  0  1
  0  1  4  1  0  1  1  4  1  0  0  1  4  2  1  1  3  1  0  1  1  2  4  4
  2  2  0  4  1  2  1  4  2  0  0  4  1  3  1  0  2  2  4  0  0  1  0  4
  1  2  0  0  1  2  4  1  2  1  4  2  1  4  2  3  1  3  1  4  0  1  1  1
  2  1  2  4  0  4  1  4  1  0  2  1  3  0  4  1  1  2  1  1  0  0  1  1
  1  1  2  1  2  0  4  0  3  1  1  2  0  1  1  1  1  1  0  0  1  4  0  1
  0  0  0  1  1  0  0  0  4  0  0  1  2  4  1  1  1  0  0  0  0  1  2  0
 -1  1  2  1  2  0  4  1  1  1  1  2  2  1  1  1  1 -1  1  1  1  1  1  1
  4  4  4  0  2  2  0  1 -1 -1  0  1  1  2  3  1]"
dbscan,3,,,,,0.051466678316119584,200,0.1,correlation,5,0.8622734739099357,0.3418581673536815,6.0,correlation,0.9270798086814972,"[0 1 1 1 1 1 1 1 0 1 0 0 1 1 1 1 0 1 0 0 1 0 2 1 2 1 2 1 1 0 1 1 0 1 0 1 0
 1 1 1 1 0 0 1 0 1 0 0 0 1 1 2 1 0 1 1 1 1 1 0 0 0 1 0 0 1 1 0 0 1 0 1 0 1
 1 1 0 1 2 1 1 1 1 1 0 1 1 0 1 0 1 1 1 1 1 0 1 0 1 2 1 1 0 1 1 1 1 0 1 1 0
 1 1 1 1 1 0 1 1 1 1 1 1 2 0 1 1 1 0 1 1 1 0 1 1 0 1 1 1 0 1 0 0 1 1 0 0 1
 1 1 1 0 1 0 1 0 1 0 1 1 1 0 1 1 1 0 1 1 0 1 1 0 2 0 1 0 0 1 0 1 1 1 0 1 0
 0 0 1 1 1 1 0 0 2 1 1 1 1 0 0 0 1 1 2 0 0 1 1 1 1 1 1 1 0 0 1 1 2 1 0 1 1
 0 0 0 2 1 0 0 1 0 1 0 1 1 0 0 1 1 1 1 1 1 0 1 1 0 1 1 1 0 1 1 1 1 1 0 1 1
 0 1 1 0 0 1 2 1 0 0 1 0 1 1 1 0 1 1 0 1 0 0 0 0 0 0 1 0 0 1 1 0 1 0 1 0 1
 1 1 0 0 1 1 1 0 1 1 0 0 0 1 1 1 1 0 1 0 0 1 1 0 1 1 0 1 1 1 0 1 1 0 2 1 1
 0 0 1 1 2 1 1 1 0 1 1 0 1 1 1 1 1 1 1 1 1 1 1 0 1 0 0 1 0 1 2 0 1 1 1 1 1
 0 0 1 1 0 1 0 0 1 1 0 0 1 1 0 1 1 0 1 1 0 1 0 1 0 0 0 1 1 1 0 1 0 1 0 1 1
 1 1 0 1 1 0 0 1 1 0 1 1 2 0 1 0 2 1 0 1 0 1 1 1 0 0 1 0 1 1 0 1 0 0 0 1 1
 1 1 1 1 0 0 1 1 2 1 1 0 1 1 1 1 1 1 1 1 1 1 1 1 2 1 0 1 0 0 0 1 0 0 1 1 1
 0 0 1 1 0 0 0 0 1 0 2 1 0 0 1 1 0 0 1 2 1 0 1 1 0 0 0 0 1 0 1 1 1 0 1 0 1
 1 1 1 0 2 1 0 0 1 1 1 0 1 1 1 1 0 0 1 2 1 1 1 0 0 0 0 0 2 1 1 0 0 1 0 1 2
 1 0 0 0 0 0 1 2 1 0 1 1 1 1 0 1 1 1 0 1 0 1 0 0 1 0 1 1 1 1 1 0 1 1 0 0 1
 1 1 1 1 1 0 1 1 2 0 1 0 1 1 2 1 0 0 1 0 1 0 1 1 1 0 1 1 1 0 0 0 1 1 0 1 1
 1 0 1 1 1 1 1 0 0 0 1 1 0 0 0 1 1 1 1 0 1 1 1 0 1 1 0 0 0 2 1 1 1 0 1 1 1
 0 1 0 0 1 0 1 0 1 1 1 1 2 1 0 1 0 1 1 0 0 1 1 1 1 0 0 1 0 1 1 1 1 0 1 0 1
 0 1 2 1 1 1 0 1 1 0 1 1 0 1 1 0 1 1 1 0 0 0 0 1 0 1 0 1 1 1 1 0 0 1 1 0 0
 0 0 0 0 0 1 0 0 0 0 1 1 1 1 1 0 1 1 1 0 0 1 1 1 1 2 1 0 1 1 1 1 1 1 1 1 1
 1 0 1 0 0 0 1 1 1 1 1 1 1 0 1 1 1 1 1 1 1 0 1 0 0 0 0 0 1 1 1 1 1 0 1 1 0
 0 1 0 1 0 1 0 1 1 0 1 0 0 1 1 1 1 1 2 1 0 1 1 1 0 0 1 1 0 0 1 1 1 0 1 0 0
 0 1 2 1 1 1 1 0 0 0 1 0 0 1 1 0 0 1 1 0 1 1 1 0 1 1 1 1 2 1 2 1 0 0 1 1 1
 1 1 1 0 0 0 1 0 1 0 1 1 2 0 0 1 1 1 1 1 0 0 1 1 1 1 1 1 1 0 0 0 2 1 1 1 0
 1 1 1 1 1 0 0 1 0 0 1 0 0 0 1 1 0 0 0 0 0 0 1 1 0 1 1 1 0 0 0 1 1 1 0 1 1
 1 1 1 0 0 1 1 1 1 1 1 1 1 1 1 1 1 1 1 1 1 1 0 0 0 0 1 1 0 1 1 1 0 1 1 1 2
 1]"
dbscan,4,,,,,0.03448820409716892,200,0.1,cosine,5,0.8937785704074339,0.7923580697327836,6.0,euclidean,0.9636484087661767,"[ 0  1  1  1  1  2  1  1  0  1  0  0  1  1  1  1  0  1  0  0  1  0  3  1
  3  1  3  1  1  0  1  1  0  1  0  1  0  1  1  1  1  0  0  2  0  1  0  0
  0  1  1  3  2  0  1  1  1  1  1  0  0  0  1  0  0  2  1  0  0  1  0  1
  0  2  2  1  0  2  3  1  2  1  1  1  0  1  1  0  2  0  2  1  1  1  1  0
  2  0  1  3  1  1  0  1  1  2  1  0  1  1  0  1  1  1  1  1  0  1  1  1
  1  1  1  3  0 -1  1  1  0  1  1  1  0  1  1  0  2  1  1  0  1  0  0  1
  1  0  0  1  1  1  1  0  2  0  2  0  2  0  2  1  1  0  2  1  2  0  2  1
  0  1  1  0  3  0  1  0  0  2  0  2  2  1  0  1  0  0  0  1  1  2  1  0
  0  3  1  1  1  1  0  0  0  1  1  3  0  0  2  2  2  1  1  2  1  0  0  1
  1  3  2  0  1  1  0  0  0  3  2  0  0  1  0  1  0  1  1  0  0  1  2  1
  1  1  1  0  1  1  0  1  1  1  0  1  1  1  1  1  0  1  1  0  1  1  0  0
  1  3  1  0  0  2  0  1  1  1  0  2  2  0 -1  0  0  0  0  0  0  1  0  0
  1  2  0  1  0  2  0  1  2  1  0  0  1  1  1  0  1  1  0  0  0  1  2  1
  1  0  2  0  0  1  1  0  1  1  0  1  1  1  0  1  1  0  3  1  1  0  0  1
  1  3  2  1  2  0  2  1  0  1  1  1  2  2  1  1  1  2  1  1  0  1  0  0
  1  0  1  3  0  1  1  1  2  1  0  0  1  1  0  1  0  0  1  1  0  0  2  2
  0  1  1  0  1  2  0  1  0  1  0  0  0  1  1  1  0  1  0  2  0  1  2  2
  2  0  1  1  0  0  1  1  0  2  2  3  0  2  0  3  1  0  1  0  1  2  1  0
  0  1  0  1  2  0  2  0  0  0  1  1  2  1  1  2  0  0  1  1  3  2  1  0
  1  1  1  1  1  1  2  2  1  1  1  1  3  1  0  2  0  0  0  1  0  0  2  1
  1  0  0  2  1  0  0  0  0  1  0  3  1  0  0  1 -1  0  0  1  3  1  0  1
  1  0  0  0  0  2  0  1  1  1  0  1  0  1  1  1  1  0  3  2  0  0  2  2
  1  0  1  1  1  1  0  0  2  3  1  1  1  0  0  0  0  0  3  1  2  0  0  1
  0  1  3  1  0  0  0  0  0  1  3  2  0  1  1  1  2  0  2  1  1  0  1  0
  1  0  0  1  0  1  1  1  1  1  0  2  1  0  0  1  1  1  1  1  2  0  2  2
  3  0  1  0  1 -1  3  1  0  0  2  0  1  0  2  1  1  0  1  1  1  0  0  0
  1  1  0  1  2  1  0 -1  2  2  1  1  0  0  0  1  1  0  0  0  1  1  1  1
  0  1  2  1  0  2  1  0  0  0  3  1  1  1  0  1  1  1  0  1  0  0  1  0
  2  0  2  1  1  1  3  1  0  2  0  2  1  0  0  1  1  1  2  0  0  1  0  1
  1  0  2  0  2  0  1  0  1  3  2  1  1  0  2  1  0  1  1  0  2  1  0  1
  1  1  0  0  0  0  1  0  1  0  1  1  2  1  0  0  2  1  0  0  0  0  0  0
  0  1  0  0  0  0  1  1  1  2  1  0  1  2  1  0  0  1 -1  2  2  3  1  0
  1  1  1  1  1  1  2  2  1  1  0  2  0  0  0  1  1  1  1  1  1  1  0  1
  1  2  2  1  1  2  2  1  0  0  0  0  0  1  1  2  1  1  0  1  1  0  0  1
  0  1  0  1  0  1  1  0  1  0  0  1  0  2  1  1  3  1  0  1  1  2  0  0
  2  2  0  0  1  2  1  0  2  0  0  0  1  3  1  0  2  2  0  0  0  1  0  0
  1  2  0  0  1  2  0  1  2  1  0  2  1  0  2  3  1  3  1  0  0  1  1  1
  2  1  2  0  0  0  1  0  1  0  2  1  3  0  0  1  1  2  1  1  0  0  1  1
  1  1  2  1  2  0  0  0  3  1  1  2  0  1  1  1  1  1  0  0  1  0  0  1
  0  0  0  1  1  0  0  0  0  0  0  1  2  0  1  1  1  0  0  0 -1  1  2  0
 -1  1  2  1  2  0  0  1  1  1  1  2  2  1  1  1  1 -1  1  1  1  1  1  1
  0  0  0  0  2  2  0  1 -1 -1  0  1  1  2  3  1]"
dbscan,4,,,,,0.12293418639029957,10,0.5,correlation,5,0.902341188420518,0.9423323101707574,6.0,minkowski,0.7992258823330408,"[0 1 1 1 1 2 1 1 0 1 0 0 1 1 1 1 0 1 0 0 1 0 3 1 3 1 3 1 1 0 1 1 0 1 0 1 0
 1 1 1 1 0 0 2 0 1 0 0 0 1 1 3 2 0 1 1 1 1 1 0 0 0 1 0 0 2 1 0 0 1 0 1 0 2
 2 1 0 2 3 1 2 1 1 1 0 1 1 0 2 0 2 1 1 1 1 0 2 0 1 3 1 1 0 1 1 2 1 0 1 1 0
 1 1 1 1 1 0 1 1 1 1 1 1 3 0 1 1 1 0 1 1 1 0 1 1 0 2 1 1 0 1 0 0 1 1 0 0 1
 1 1 1 0 2 0 2 0 2 0 2 1 1 0 2 1 2 0 2 1 0 1 1 0 3 0 1 0 0 2 0 2 2 1 0 1 0
 0 0 1 1 2 1 0 0 3 1 1 1 1 0 0 0 1 1 3 0 0 2 2 2 1 1 2 1 0 0 1 1 3 2 0 1 1
 0 0 0 3 2 0 0 1 0 1 0 1 1 0 0 1 2 1 1 1 1 0 1 1 0 1 1 1 0 1 1 1 1 1 0 1 1
 0 1 1 0 0 1 3 1 0 0 2 0 1 1 1 0 2 2 0 1 0 0 0 0 0 0 1 0 0 1 2 0 1 0 2 0 1
 2 1 0 0 1 1 1 0 1 1 0 0 0 1 2 1 1 0 2 0 0 1 1 0 1 1 0 1 1 1 0 1 1 0 3 1 1
 0 0 1 1 3 2 1 2 0 2 1 0 1 1 1 2 2 1 1 1 2 1 1 0 1 0 0 1 0 1 3 0 1 1 1 2 1
 0 0 1 1 0 1 0 0 1 1 0 0 2 2 0 1 1 0 1 2 0 1 0 1 0 0 0 1 1 1 0 1 0 2 0 1 2
 2 2 0 1 1 0 0 1 1 0 2 2 3 0 2 0 3 1 0 1 0 1 2 1 0 0 1 0 1 2 0 2 0 0 0 1 1
 2 1 1 2 0 0 1 1 3 2 1 0 1 1 1 1 1 1 2 2 1 1 1 1 3 1 0 2 0 0 0 1 0 0 2 1 1
 0 0 2 1 0 0 0 0 1 0 3 1 0 0 1 1 0 0 1 3 1 0 1 1 0 0 0 0 2 0 1 1 1 0 1 0 1
 1 1 1 0 3 2 0 0 2 2 1 0 1 1 1 1 0 0 2 3 1 1 1 0 0 0 0 0 3 1 2 0 0 1 0 1 3
 1 0 0 0 0 0 1 3 2 0 1 1 1 2 0 2 1 1 0 1 0 1 0 0 1 0 1 1 1 1 1 0 2 1 0 0 1
 1 1 1 1 2 0 2 2 3 0 1 0 1 1 3 1 0 0 2 0 1 0 2 1 1 0 1 1 1 0 0 0 1 1 0 1 2
 1 0 0 2 2 1 1 0 0 0 1 1 0 0 0 1 1 1 1 0 1 2 1 0 2 1 0 0 0 3 1 1 1 0 1 1 1
 0 1 0 0 1 0 2 0 2 1 1 1 3 1 0 2 0 2 1 0 0 1 1 1 2 0 0 1 0 1 1 0 2 0 2 0 1
 0 1 3 2 1 1 0 2 1 0 1 1 0 2 1 0 1 1 1 0 0 0 0 1 0 1 0 1 1 2 1 0 0 2 1 0 0
 0 0 0 0 0 1 0 0 0 0 1 1 1 2 1 0 1 2 1 0 0 1 0 2 2 3 1 0 1 1 1 1 1 1 2 2 1
 1 0 2 0 0 0 1 1 1 1 1 1 1 0 1 1 2 2 1 1 2 2 1 0 0 0 0 0 1 1 2 1 1 0 1 1 0
 0 1 0 1 0 1 0 1 1 0 1 0 0 1 0 2 1 1 3 1 0 1 1 2 0 0 2 2 0 0 1 2 1 0 2 0 0
 0 1 3 1 0 2 2 0 0 0 1 0 0 1 2 0 0 1 2 0 1 2 1 0 2 1 0 2 3 1 3 1 0 0 1 1 1
 2 1 2 0 0 0 1 0 1 0 2 1 3 0 0 1 1 2 1 1 0 0 1 1 1 1 2 1 2 0 0 0 3 1 1 2 0
 1 1 1 1 1 0 0 1 0 0 1 0 0 0 1 1 0 0 0 0 0 0 1 2 0 1 1 1 0 0 0 0 1 2 0 1 1
 2 1 2 0 0 1 1 1 1 2 2 1 1 1 1 1 1 1 1 1 1 1 0 0 0 0 2 2 0 1 0 1 0 1 1 2 3
 1]"
dbscan,2,,,,,0.09208231362120113,10,0.5,cosine,5,0.8967927882173692,0.5515449714423334,6.0,correlation,0.8503122306153292,"[0 0 0 0 0 0 0 0 0 0 0 0 0 0 0 0 0 0 0 0 0 0 1 0 1 0 1 0 0 0 0 0 0 0 0 0 0
 0 0 0 0 0 0 0 0 0 0 0 0 0 0 1 0 0 0 0 0 0 0 0 0 0 0 0 0 0 0 0 0 0 0 0 0 0
 0 0 0 0 1 0 0 0 0 0 0 0 0 0 0 0 0 0 0 0 0 0 0 0 0 1 0 0 0 0 0 0 0 0 0 0 0
 0 0 0 0 0 0 0 0 0 0 0 0 1 0 0 0 0 0 0 0 0 0 0 0 0 0 0 0 0 0 0 0 0 0 0 0 0
 0 0 0 0 0 0 0 0 0 0 0 0 0 0 0 0 0 0 0 0 0 0 0 0 1 0 0 0 0 0 0 0 0 0 0 0 0
 0 0 0 0 0 0 0 0 1 0 0 0 0 0 0 0 0 0 1 0 0 0 0 0 0 0 0 0 0 0 0 0 1 0 0 0 0
 0 0 0 1 0 0 0 0 0 0 0 0 0 0 0 0 0 0 0 0 0 0 0 0 0 0 0 0 0 0 0 0 0 0 0 0 0
 0 0 0 0 0 0 1 0 0 0 0 0 0 0 0 0 0 0 0 0 0 0 0 0 0 0 0 0 0 0 0 0 0 0 0 0 0
 0 0 0 0 0 0 0 0 0 0 0 0 0 0 0 0 0 0 0 0 0 0 0 0 0 0 0 0 0 0 0 0 0 0 1 0 0
 0 0 0 0 1 0 0 0 0 0 0 0 0 0 0 0 0 0 0 0 0 0 0 0 0 0 0 0 0 0 1 0 0 0 0 0 0
 0 0 0 0 0 0 0 0 0 0 0 0 0 0 0 0 0 0 0 0 0 0 0 0 0 0 0 0 0 0 0 0 0 0 0 0 0
 0 0 0 0 0 0 0 0 0 0 0 0 1 0 0 0 1 0 0 0 0 0 0 0 0 0 0 0 0 0 0 0 0 0 0 0 0
 0 0 0 0 0 0 0 0 1 0 0 0 0 0 0 0 0 0 0 0 0 0 0 0 1 0 0 0 0 0 0 0 0 0 0 0 0
 0 0 0 0 0 0 0 0 0 0 1 0 0 0 0 0 0 0 0 1 0 0 0 0 0 0 0 0 0 0 0 0 0 0 0 0 0
 0 0 0 0 1 0 0 0 0 0 0 0 0 0 0 0 0 0 0 1 0 0 0 0 0 0 0 0 1 0 0 0 0 0 0 0 1
 0 0 0 0 0 0 0 1 0 0 0 0 0 0 0 0 0 0 0 0 0 0 0 0 0 0 0 0 0 0 0 0 0 0 0 0 0
 0 0 0 0 0 0 0 0 1 0 0 0 0 0 1 0 0 0 0 0 0 0 0 0 0 0 0 0 0 0 0 0 0 0 0 0 0
 0 0 0 0 0 0 0 0 0 0 0 0 0 0 0 0 0 0 0 0 0 0 0 0 0 0 0 0 0 1 0 0 0 0 0 0 0
 0 0 0 0 0 0 0 0 0 0 0 0 1 0 0 0 0 0 0 0 0 0 0 0 0 0 0 0 0 0 0 0 0 0 0 0 0
 0 0 1 0 0 0 0 0 0 0 0 0 0 0 0 0 0 0 0 0 0 0 0 0 0 0 0 0 0 0 0 0 0 0 0 0 0
 0 0 0 0 0 0 0 0 0 0 0 0 0 0 0 0 0 0 0 0 0 0 0 0 0 1 0 0 0 0 0 0 0 0 0 0 0
 0 0 0 0 0 0 0 0 0 0 0 0 0 0 0 0 0 0 0 0 0 0 0 0 0 0 0 0 0 0 0 0 0 0 0 0 0
 0 0 0 0 0 0 0 0 0 0 0 0 0 0 0 0 0 0 1 0 0 0 0 0 0 0 0 0 0 0 0 0 0 0 0 0 0
 0 0 1 0 0 0 0 0 0 0 0 0 0 0 0 0 0 0 0 0 0 0 0 0 0 0 0 0 1 0 1 0 0 0 0 0 0
 0 0 0 0 0 0 0 0 0 0 0 0 1 0 0 0 0 0 0 0 0 0 0 0 0 0 0 0 0 0 0 0 1 0 0 0 0
 0 0 0 0 0 0 0 0 0 0 0 0 0 0 0 0 0 0 0 0 0 0 0 0 0 0 0 0 0 0 0 0 0 0 0 0 0
 0 0 0 0 0 0 0 0 0 0 0 0 0 0 0 0 0 0 0 0 0 0 0 0 0 0 0 0 0 0 0 0 0 0 0 0 1
 0]"
dbscan,2,,,,,0.12300617125590019,25,0.5,correlation,5,0.9012294802494802,0.6305391948194922,6.0,correlation,0.9500252122890165,"[0 0 0 0 0 0 0 0 0 0 0 0 0 0 0 0 0 0 0 0 0 0 1 0 1 0 1 0 0 0 0 0 0 0 0 0 0
 0 0 0 0 0 0 0 0 0 0 0 0 0 0 1 0 0 0 0 0 0 0 0 0 0 0 0 0 0 0 0 0 0 0 0 0 0
 0 0 0 0 1 0 0 0 0 0 0 0 0 0 0 0 0 0 0 0 0 0 0 0 0 1 0 0 0 0 0 0 0 0 0 0 0
 0 0 0 0 0 0 0 0 0 0 0 0 1 0 0 0 0 0 0 0 0 0 0 0 0 0 0 0 0 0 0 0 0 0 0 0 0
 0 0 0 0 0 0 0 0 0 0 0 0 0 0 0 0 0 0 0 0 0 0 0 0 1 0 0 0 0 0 0 0 0 0 0 0 0
 0 0 0 0 0 0 0 0 1 0 0 0 0 0 0 0 0 0 1 0 0 0 0 0 0 0 0 0 0 0 0 0 1 0 0 0 0
 0 0 0 1 0 0 0 0 0 0 0 0 0 0 0 0 0 0 0 0 0 0 0 0 0 0 0 0 0 0 0 0 0 0 0 0 0
 0 0 0 0 0 0 1 0 0 0 0 0 0 0 0 0 0 0 0 0 0 0 0 0 0 0 0 0 0 0 0 0 0 0 0 0 0
 0 0 0 0 0 0 0 0 0 0 0 0 0 0 0 0 0 0 0 0 0 0 0 0 0 0 0 0 0 0 0 0 0 0 1 0 0
 0 0 0 0 1 0 0 0 0 0 0 0 0 0 0 0 0 0 0 0 0 0 0 0 0 0 0 0 0 0 1 0 0 0 0 0 0
 0 0 0 0 0 0 0 0 0 0 0 0 0 0 0 0 0 0 0 0 0 0 0 0 0 0 0 0 0 0 0 0 0 0 0 0 0
 0 0 0 0 0 0 0 0 0 0 0 0 1 0 0 0 1 0 0 0 0 0 0 0 0 0 0 0 0 0 0 0 0 0 0 0 0
 0 0 0 0 0 0 0 0 1 0 0 0 0 0 0 0 0 0 0 0 0 0 0 0 1 0 0 0 0 0 0 0 0 0 0 0 0
 0 0 0 0 0 0 0 0 0 0 1 0 0 0 0 0 0 0 0 1 0 0 0 0 0 0 0 0 0 0 0 0 0 0 0 0 0
 0 0 0 0 1 0 0 0 0 0 0 0 0 0 0 0 0 0 0 1 0 0 0 0 0 0 0 0 1 0 0 0 0 0 0 0 1
 0 0 0 0 0 0 0 1 0 0 0 0 0 0 0 0 0 0 0 0 0 0 0 0 0 0 0 0 0 0 0 0 0 0 0 0 0
 0 0 0 0 0 0 0 0 1 0 0 0 0 0 1 0 0 0 0 0 0 0 0 0 0 0 0 0 0 0 0 0 0 0 0 0 0
 0 0 0 0 0 0 0 0 0 0 0 0 0 0 0 0 0 0 0 0 0 0 0 0 0 0 0 0 0 1 0 0 0 0 0 0 0
 0 0 0 0 0 0 0 0 0 0 0 0 1 0 0 0 0 0 0 0 0 0 0 0 0 0 0 0 0 0 0 0 0 0 0 0 0
 0 0 1 0 0 0 0 0 0 0 0 0 0 0 0 0 0 0 0 0 0 0 0 0 0 0 0 0 0 0 0 0 0 0 0 0 0
 0 0 0 0 0 0 0 0 0 0 0 0 0 0 0 0 0 0 0 0 0 0 0 0 0 1 0 0 0 0 0 0 0 0 0 0 0
 0 0 0 0 0 0 0 0 0 0 0 0 0 0 0 0 0 0 0 0 0 0 0 0 0 0 0 0 0 0 0 0 0 0 0 0 0
 0 0 0 0 0 0 0 0 0 0 0 0 0 0 0 0 0 0 1 0 0 0 0 0 0 0 0 0 0 0 0 0 0 0 0 0 0
 0 0 1 0 0 0 0 0 0 0 0 0 0 0 0 0 0 0 0 0 0 0 0 0 0 0 0 0 1 0 1 0 0 0 0 0 0
 0 0 0 0 0 0 0 0 0 0 0 0 1 0 0 0 0 0 0 0 0 0 0 0 0 0 0 0 0 0 0 0 1 0 0 0 0
 0 0 0 0 0 0 0 0 0 0 0 0 0 0 0 0 0 0 0 0 0 0 0 0 0 0 0 0 0 0 0 0 0 0 0 0 0
 0 0 0 0 0 0 0 0 0 0 0 0 0 0 0 0 0 0 0 0 0 0 0 0 0 0 0 0 0 0 0 0 0 0 0 0 1
 0]"
dbscan,4,,,,,0.07953742433227841,25,0.5,cosine,5,0.897873555093555,0.9259997034637568,6.0,euclidean,0.9396069725919591,"[0 1 1 1 1 2 1 1 0 1 0 0 1 1 1 1 0 1 0 0 1 0 3 1 3 1 3 1 1 0 1 1 0 1 0 1 1
 1 1 1 1 1 0 2 1 1 0 0 1 1 1 3 2 1 1 1 1 1 1 0 0 0 1 0 1 2 1 1 0 1 1 1 0 2
 2 1 0 2 3 1 2 1 1 1 1 1 1 0 2 0 2 1 1 1 1 0 2 0 1 3 1 1 1 1 1 2 1 0 1 1 0
 1 1 1 1 1 0 1 1 1 1 1 1 3 1 1 1 1 1 1 1 1 1 1 1 1 2 1 1 0 1 0 0 1 1 0 0 1
 1 1 1 0 2 0 2 0 2 1 2 1 1 0 2 1 2 1 2 1 0 1 1 1 3 0 1 0 1 2 1 2 2 1 1 1 1
 0 0 1 1 2 1 1 1 3 1 1 1 1 0 1 0 1 1 3 0 0 2 2 2 1 1 2 1 0 0 1 1 3 2 1 1 1
 1 0 0 3 2 1 0 1 1 1 0 1 1 1 0 1 2 1 1 1 1 0 1 1 0 1 1 1 0 1 1 1 1 1 0 1 1
 0 1 1 0 0 1 3 1 0 0 2 0 1 1 1 0 2 2 0 1 0 0 1 0 0 0 1 1 0 1 2 0 1 0 2 0 1
 2 1 0 0 1 1 1 0 1 1 0 0 1 1 2 1 1 1 2 1 0 1 1 1 1 1 0 1 1 1 0 1 1 1 3 1 1
 0 0 1 1 3 2 1 2 0 2 1 0 1 1 1 2 2 1 1 1 2 1 1 0 1 0 0 1 0 1 3 1 1 1 1 2 1
 1 1 1 1 0 1 0 0 1 1 0 0 2 2 0 1 1 1 1 2 1 1 1 1 0 0 1 1 1 1 0 1 0 2 0 1 2
 2 2 1 1 1 0 1 1 1 1 2 2 3 0 2 1 3 1 1 1 1 1 2 1 1 1 1 0 1 2 0 2 0 1 0 1 1
 2 1 1 2 0 0 1 1 3 2 1 1 1 1 1 1 1 1 2 2 1 1 1 1 3 1 0 2 1 0 0 1 1 0 2 1 1
 0 1 2 1 1 0 0 0 1 1 3 1 1 1 1 1 0 0 1 3 1 0 1 1 1 0 0 0 2 0 1 1 1 0 1 0 1
 1 1 1 0 3 2 1 1 2 2 1 0 1 1 1 1 0 1 2 3 1 1 1 1 1 0 0 0 3 1 2 0 0 1 1 1 3
 1 0 0 0 1 0 1 3 2 1 1 1 1 2 0 2 1 1 1 1 0 1 0 1 1 0 1 1 1 1 1 0 2 1 0 1 1
 1 1 1 1 2 0 2 2 3 1 1 0 1 1 3 1 0 1 2 0 1 0 2 1 1 0 1 1 1 1 0 0 1 1 0 1 2
 1 1 1 2 2 1 1 0 0 0 1 1 0 0 0 1 1 1 1 1 1 2 1 0 2 1 0 1 0 3 1 1 1 0 1 1 1
 1 1 1 0 1 0 2 0 2 1 1 1 3 1 0 2 0 2 1 1 0 1 1 1 2 1 0 1 1 1 1 1 2 0 2 1 1
 0 1 3 2 1 1 0 2 1 0 1 1 1 2 1 0 1 1 1 1 0 0 1 1 0 1 0 1 1 2 1 1 1 2 1 0 0
 1 0 0 0 1 1 1 1 0 1 1 1 1 2 1 0 1 2 1 0 1 1 1 2 2 3 1 0 1 1 1 1 1 1 2 2 1
 1 0 2 0 0 0 1 1 1 1 1 1 1 0 1 1 2 2 1 1 2 2 1 0 0 0 1 0 1 1 2 1 1 0 1 1 0
 0 1 0 1 1 1 0 1 1 1 1 0 0 1 1 2 1 1 3 1 0 1 1 2 1 1 2 2 0 1 1 2 1 1 2 0 0
 1 1 3 1 0 2 2 1 0 0 1 0 1 1 2 0 0 1 2 1 1 2 1 1 2 1 1 2 3 1 3 1 1 0 1 1 1
 2 1 2 1 0 1 1 1 1 0 2 1 3 0 1 1 1 2 1 1 0 0 1 1 1 1 2 1 2 0 1 0 3 1 1 2 0
 1 1 1 1 1 0 0 1 1 0 1 0 0 0 1 1 0 0 0 1 0 0 1 2 1 1 1 1 0 0 0 0 1 2 0 1 1
 2 1 2 0 1 1 1 1 1 2 2 1 1 1 1 1 1 1 1 1 1 1 1 1 1 0 2 2 0 1 1 1 0 1 1 2 3
 1]"
dbscan,2,,,,,0.12376503904804652,50,0.5,correlation,5,0.8961901135749053,0.588675984806382,6.0,correlation,0.7060035162561229,"[0 0 0 0 0 0 0 0 0 0 0 0 0 0 0 0 0 0 0 0 0 0 1 0 1 0 1 0 0 0 0 0 0 0 0 0 0
 0 0 0 0 0 0 0 0 0 0 0 0 0 0 1 0 0 0 0 0 0 0 0 0 0 0 0 0 0 0 0 0 0 0 0 0 0
 0 0 0 0 1 0 0 0 0 0 0 0 0 0 0 0 0 0 0 0 0 0 0 0 0 1 0 0 0 0 0 0 0 0 0 0 0
 0 0 0 0 0 0 0 0 0 0 0 0 1 0 0 0 0 0 0 0 0 0 0 0 0 0 0 0 0 0 0 0 0 0 0 0 0
 0 0 0 0 0 0 0 0 0 0 0 0 0 0 0 0 0 0 0 0 0 0 0 0 1 0 0 0 0 0 0 0 0 0 0 0 0
 0 0 0 0 0 0 0 0 1 0 0 0 0 0 0 0 0 0 1 0 0 0 0 0 0 0 0 0 0 0 0 0 1 0 0 0 0
 0 0 0 1 0 0 0 0 0 0 0 0 0 0 0 0 0 0 0 0 0 0 0 0 0 0 0 0 0 0 0 0 0 0 0 0 0
 0 0 0 0 0 0 1 0 0 0 0 0 0 0 0 0 0 0 0 0 0 0 0 0 0 0 0 0 0 0 0 0 0 0 0 0 0
 0 0 0 0 0 0 0 0 0 0 0 0 0 0 0 0 0 0 0 0 0 0 0 0 0 0 0 0 0 0 0 0 0 0 1 0 0
 0 0 0 0 1 0 0 0 0 0 0 0 0 0 0 0 0 0 0 0 0 0 0 0 0 0 0 0 0 0 1 0 0 0 0 0 0
 0 0 0 0 0 0 0 0 0 0 0 0 0 0 0 0 0 0 0 0 0 0 0 0 0 0 0 0 0 0 0 0 0 0 0 0 0
 0 0 0 0 0 0 0 0 0 0 0 0 1 0 0 0 1 0 0 0 0 0 0 0 0 0 0 0 0 0 0 0 0 0 0 0 0
 0 0 0 0 0 0 0 0 1 0 0 0 0 0 0 0 0 0 0 0 0 0 0 0 1 0 0 0 0 0 0 0 0 0 0 0 0
 0 0 0 0 0 0 0 0 0 0 1 0 0 0 0 0 0 0 0 1 0 0 0 0 0 0 0 0 0 0 0 0 0 0 0 0 0
 0 0 0 0 1 0 0 0 0 0 0 0 0 0 0 0 0 0 0 1 0 0 0 0 0 0 0 0 1 0 0 0 0 0 0 0 1
 0 0 0 0 0 0 0 1 0 0 0 0 0 0 0 0 0 0 0 0 0 0 0 0 0 0 0 0 0 0 0 0 0 0 0 0 0
 0 0 0 0 0 0 0 0 1 0 0 0 0 0 1 0 0 0 0 0 0 0 0 0 0 0 0 0 0 0 0 0 0 0 0 0 0
 0 0 0 0 0 0 0 0 0 0 0 0 0 0 0 0 0 0 0 0 0 0 0 0 0 0 0 0 0 1 0 0 0 0 0 0 0
 0 0 0 0 0 0 0 0 0 0 0 0 1 0 0 0 0 0 0 0 0 0 0 0 0 0 0 0 0 0 0 0 0 0 0 0 0
 0 0 1 0 0 0 0 0 0 0 0 0 0 0 0 0 0 0 0 0 0 0 0 0 0 0 0 0 0 0 0 0 0 0 0 0 0
 0 0 0 0 0 0 0 0 0 0 0 0 0 0 0 0 0 0 0 0 0 0 0 0 0 1 0 0 0 0 0 0 0 0 0 0 0
 0 0 0 0 0 0 0 0 0 0 0 0 0 0 0 0 0 0 0 0 0 0 0 0 0 0 0 0 0 0 0 0 0 0 0 0 0
 0 0 0 0 0 0 0 0 0 0 0 0 0 0 0 0 0 0 1 0 0 0 0 0 0 0 0 0 0 0 0 0 0 0 0 0 0
 0 0 1 0 0 0 0 0 0 0 0 0 0 0 0 0 0 0 0 0 0 0 0 0 0 0 0 0 1 0 1 0 0 0 0 0 0
 0 0 0 0 0 0 0 0 0 0 0 0 1 0 0 0 0 0 0 0 0 0 0 0 0 0 0 0 0 0 0 0 1 0 0 0 0
 0 0 0 0 0 0 0 0 0 0 0 0 0 0 0 0 0 0 0 0 0 0 0 0 0 0 0 0 0 0 0 0 0 0 0 0 0
 0 0 0 0 0 0 0 0 0 0 0 0 0 0 0 0 0 0 0 0 0 0 0 0 0 0 0 0 0 0 0 0 0 0 0 0 1
 0]"
dbscan,4,,,,,0.05341611139960338,50,0.5,cosine,5,0.8865624878312601,0.8637490784479338,6.0,euclidean,0.9451013334833247,"[ 0  1  1  1  1  2  1  1  0  1  0  0  1  1  1  1  0  1  0  0  1  0  3  1
  3  1  3  1  1  0  1  1  0  1  0  1  0  1  1  1  1  0  0  2  0  1  0  0
  0  1  1  3  2  0  1  1  1  1  1  0  0  0  1  0  0  2  1  0  0  1  0  1
  0  2  2  1  0  2  3  1  2  1  1  1  0  1  1  0  2  0  2  1  1  1  1  0
  2  0  1  3  1  1  0  1  1  2  1  0  1  1  0  1  1  1  1  1  0  1  1  1
  1  1  1  3  0  1  1  1  0  1  1  1  0  1  1  0  2  1  1  0  1  0  0  1
  1  0  0  1  1  1  1  0  2  0  2  0  2  0  2  1  1  0  2  1  2  0  2  1
  0  1  1  0  3  0  1  0  0  2  0  2  2  1  0  1  0  0  0  1  1  2  1  0
  0  3  1  1  1  1  0  0  0  1  1  3  0  0  2  2  2  1  1  2  1  0  0  1
  1  3  2  0  1  1  0  0  0  3  2  0  0  1  0  1  0  1  1  0  0  1  2  1
  1  1  1  0  1  1  0  1  1  1  0  1  1  1  1  1  0  1  1  0  1  1  0  0
  1  3  1  0  0  2  0  1  1  1  0  2  2  0  1  0  0  0  0  0  0  1  0  0
  1  2  0  1  0  2  0  1  2  1  0  0  1  1  1  0  1  1  0  0  0  1  2  1
  1  0  2  0  0  1  1  0  1  1  0  1  1  1  0  1  1  0  3  1  1  0  0  1
  1  3  2  1  2  0  2  1  0  1  1  1  2  2  1  1  1  2  1  1  0  1  0  0
  1  0  1  3  0  1  1  1  2  1  0  0  1  1  0  1  0  0  1  1  0  0  2  2
  0  1  1  0  1  2  0  1  0  1  0  0  0  1  1  1  0  1  0  2  0  1  2  2
  2  0  1  1  0  0  1  1  0  2  2  3  0  2  0  3  1  0  1  0  1  2  1  0
  0  1  0  1  2  0  2  0  0  0  1  1  2  1  1  2  0  0  1  1  3  2  1  0
  1  1  1  1  1  1  2  2  1  1  1  1  3  1  0  2  0  0  0  1  0  0  2  1
  1  0  0  2  1  0  0  0  0  1  0  3  1  0  0  1  1  0  0  1  3  1  0  1
  1  0  0  0  0  2  0  1  1  1  0  1  0  1  1  1  1  0  3  2  1  0  2  2
  1  0  1  1  1  1  0  0  2  3  1  1  1  0  0  0  0  0  3  1  2  0  0  1
  0  1  3  1  0  0  0  0  0  1  3  2  0  1  1  1  2  0  2  1  1  0  1  0
  1  0  0  1  0  1  1  1  1  1  0  2  1  0  0  1  1  1  1  1  2  0  2  2
  3  0  1  0  1  1  3  1  0  0  2  0  1  0  2  1  1  0  1  1  1  0  0  0
  1  1  0  1  2  1  0  1  2  2  1  1  0  0  0  1  1  0  0  0  1  1  1  1
  0  1  2  1  0  2  1  0  0  0  3  1  1  1  0  1  1  1  0  1  0  0  1  0
  2  0  2  1  1  1  3  1  0  2  0  2  1  0  0  1  1  1  2  0  0  1  0  1
  1  0  2  0  2  0  1  0  1  3  2  1  1  0  2  1  0  1  1  0  2  1  0  1
  1  1  0  0  0  0  1  0  1  0  1  1  2  1  0  0  2  1  0  0  0  0  0  0
  0  1  0  0  0  0  1  1  1  2  1  0  1  2  1  0  0  1  1  2  2  3  1  0
  1  1  1  1  1  1  2  2  1  1  0  2  0  0  0  1  1  1  1  1  1  1  0  1
  1  2  2  1  1  2  2  1  0  0  0  0  0  1  1  2  1  1  0  1  1  0  0  1
  0  1  0  1  0  1  1  0  1  0  0  1  0  2  1  1  3  1  0  1  1  2  0  0
  2  2  0  0  1  2  1  0  2  0  0  0  1  3  1  0  2  2  0  0  0  1  0 -1
  1  2  0  0  1  2  0  1  2  1  0  2  1  0  2  3  1  3  1  0  0  1  1  1
  2  1  2  0  0  0  1  0  1  0  2  1  3  0  0  1  1  2  1  1  0  0  1  1
  1  1  2  1  2  0  0  0  3  1  1  2  0  1  1  1  1  1  0  0  1  0  0  1
  0  0  0  1  1  0  0  0  0  0  0  1  2  0  1  1  1  0  0  0  0  1  2  0
  1  1  2  1  2  0  0  1  1  1  1  2  2  1  1  1  1  1  1  1  1  1  1  1
  0  0  0  0  2  2  0  1  1 -1  0  1  1  2  3  1]"
dbscan,4,,,,,0.13002395436332886,100,0.5,correlation,5,0.8831927957622131,1.0931816238523782,6.0,chebyshev,0.7686222394581927,"[ 0  1  1  1  1  2  1  1  0  1  0  0  1  1  1  1  0  1  0  0  1  0  3  1
  3  1  3  1  1  0  1  1  0  1  0  1  0  1  1  1  1  0  0  2  0  1  0  0
  0  1  1  3  2  0  1  1  1  1  1  0  0  0  1  0  0  2  1  0  0  1  0  1
  0  2  2  1  0  2  3  1  2  1  1  1  0  1  1  0  2  0  2  1  1  1  1  0
  2  0  1  3  1  1  0  1  1  2  1  0  1  1  0  1  1  1  1  1  0  1  1  1
  1  1  1  3  0  1  1  1  0  1  1  1  0  1  1  0  2  1  1  0  1  0  0  1
  1  0  0  1  1  1  1  0  2  0  2  0  2  0  2  1  1  0  2  1  2  0  2  1
  0  1  1  0  3  0  1  0  0  2  0  2  2  1  0  1  0  0  0  1  1  2  1  0
  0  3  1  1  1  1  0  0  0  1  1  3  0  0  2  2  2  1  1  2  1  0  0  1
  1  3  2  0  1  1  0  0  0  3  2  0  0  1  0  1  0  1  1  0  0  1  2  1
  1  1  1  0  1  1  0  1  1  1  0  1  1  1  1  1  0  1  1  0  1  1  0  0
  1  3  1  0  0  2  0  1  1  1  0  2  2  0  1  0  0  0  0  0  0  1  0  0
  1  2  0  1  0  2  0  1  2  1  0  0  1  1  1  0  1  1  0  0  0  1  2  1
  1  0  2  0  0  1  1  0  1  1  0  1  1  1  0  1  1  0  3  1  1  0  0  1
  1  3  2  1  2  0  2  1  0  1  1  1  2  2  1  1  1  2  1  1  0  1  0  0
  1  0  1  3  0  1  1  1  2  1  0  0  1  1  0  1  0  0  1  1  0  0  2  2
  0  1  1  0  1  2  0  1  0  1  0  0  0  1  1  1  0  1  0  2  0  1  2  2
  2  0  1  1  0  0  1  1  0  2  2  3  0  2  0  3  1  0  1  0  1  2  1  0
  0  1  0  1  2  0  2  0  0  0  1  1  2  1  1  2  0  0  1  1  3  2  1  0
  1  1  1  1  1  1  2  2  1  1  1  1  3  1  0  2  0  0  0  1  0  1  2  1
  1  0  0  2  1  0  0  0  0  1  0  3  1  0  0  1  1  0  0  1  3  1  0  1
  1  0  0  0  0  2  0  1  1  1  0  1  0  1  1  1  1  0  3  2  0  0  2  2
  1  0  1  1  1  1  0  0  2  3  1  1  1  0  0  0  0  0  3  1  2  0  0  1
  0  1  3  1  0  0  0  0  0  1  3  2  0  1  1  1  2  0  2  1  1  0  1  0
  1  0  0  1  0  1  1  1  1  1  0  2  1  0  0  1  1  1  1  1  2  0  2  2
  3  0  1  0  1  1  3  1  0  0  2  0  1  0  2  1  1  0  1  1  1  0  0  0
  1  1  0  1  2  1  0  1  2  2  1  1  0  0  0  1  1  0  0  0  1  1  1  1
  0  1  2  1  0  2  1  0  0  0  3  1  1  1  0  1  1  1  0  1  0  0  1  0
  2  0  2  1  1  1  3  1  0  2  0  2  1  0  0  1  1  1  2  0  0  1  0  1
  1  0  2  0  2  0  1  0  1  3  2  1  1  0  2  1  0  1  1  0  2  1  0  1
  1  1  0  0  0  0  1  0  1  0  1  1  2  1  0  0  2  1  0  0  0  0  0  0
  0  1  0  0  0  0  1  1  1  2  1  0  1  2  1  0  0  1  0  2  2  3  1  0
  1  1  1  1  1  1  2  2  1  1  0  2  0  0  0  1  1  1  1  1  1  1  0  1
  1  2  2  1  1  2  0  1  0  0  0  0  0  1  1  2  1  1  0  1  1  0  0  1
  0  1  0  1  0  1  1  0  1  0  0  1  1  2  1  1  3  1  0  1  1  2  0  0
  2  2  0  0  1  2  1  0  2  0  0  0  1  3  1  1  2  2  0  0  0  1  0  0
  1  2  0  0  1  2  0  1  2  1  0  2  1 -1  2  3  1  3  1  0  0  1  1  1
  2  1  2  0  0  0  1  0  1  0  2  1  3  0  0  1  1  2  1  1  0  0  1  1
  1  1  2  1  2  0  0  0  3  1  1  2  0  1  1  1  1  1  0  0  1  0  0  1
  0  0  0  1  1  0  0  0  0  0  0  1  2  0  1  1  1  0  0  0  0  1  2  0
  1  1  2  1  2  0  0  1  1  1  1  2  2  1  1  1  1  1  1  1  1  1  1  1
  0  0  0  0  2  2  0  1  1  1  0  1  1  2  3  1]"
dbscan,4,,,,,0.08054633368773426,100,0.5,cosine,5,0.8930936550912302,0.8581098515704071,6.0,chebyshev,0.9545860657011821,"[ 0  1  1  1  1  2  1  1  0  1  0  0  1  1  1  1  0  1  0  0  1  0  3  1
  3  1  3  1  1  0  1  1  0  1  0  1  0  1  1  1  1  0  0  2  0  1  0  0
  0  1  1  3  2  0  1  1  1  1  1  0  0  0  1  0  0  2  1  0  0  1  0  1
  0  2  2  1  0  2  3  1  2  1  1  1  0  1  1  0  2  0  2  1  1  1  1  0
  2  0  1  3  1  1  0  1  1  2  1  0  1  1  0  1  1  1  1  1  0  1  1  1
  1  1  1  3  0  1  1  1  0  1  1  1  0  1  1  0  2  1  1  0  1  0  0  1
  1  0  0  1  1  1  1  0  2  0  2  0  2  0  2  1  1  0  2  1  2  0  2  1
  0  1  1  0  3  0  1  0  0  2  0  2  2  1  0  1  0  0  0  1  1  2  1  0
  0  3  1  1  1  1  0  0  0  1  1  3  0  0  2  2  2  1  1  2  1  0  0  1
  1  3  2  0  1  1  0  0  0  3  2  0  0  1  0  1  0  1  1  0  0  1  2  1
  1  1  1  0  1  1  0  1  1  1  0  1  1  1  1  1  0  1  1  0  1  1  0  0
  1  3  1  0  0  2  0  1  1  1  0  2  2  0  1  0  0  0  0  0  0  1  0  0
  1  2  0  1  0  2  0  1  2  1  0  0  1  1  1  0  1  1  0  0  0  1  2  1
  1  0  2  0  0  1  1  0  1  1  0  1  1  1  0  1  1  0  3  1  1  0  0  1
  1  3  2  1  2  0  2  1  0  1  1  1  2  2  1  1  1  2  1  1  0  1  0  0
  1  0  1  3  0  1  1  1  2  1  0  0  1  1  0  1  0  0  1  1  0  0  2  2
  0  1  1  0  1  2  0  1  0  1  0  0  0  1  1  1  0  1  0  2  0  1  2  2
  2  0  1  1  0  0  1  1  0  2  2  3  0  2  0  3  1  0  1  0  1  2  1  0
  0  1  0  1  2  0  2  0  0  0  1  1  2  1  1  2  0  0  1  1  3  2  1  0
  1  1  1  1  1  1  2  2  1  1  1  1  3  1  0  2  0  0  0  1  0  0  2  1
  1  0  0  2  1  0  0  0  0  1  0  3  1  0  0  1  1  0  0  1  3  1  0  1
  1  0  0  0  0  2  0  1  1  1  0  1  0  1  1  1  1  0  3  2  0  0  2  2
  1  0  1  1  1  1  0  0  2  3  1  1  1  0  0  0  0  0  3  1  2  0  0  1
  0  1  3  1  0  0  0  0  0  1  3  2  0  1  1  1  2  0  2  1  1  0  1  0
  1  0  0  1  0  1  1  1  1  1  0  2  1  0  0  1  1  1  1  1  2  0  2  2
  3  0  1  0  1  1  3  1  0  0  2  0  1  0  2  1  1  0  1  1  1  0  0  0
  1  1  0  1  2  1  0 -1  2  2  1  1  0  0  0  1  1  0  0  0  1  1  1  1
  0  1  2  1  0  2  1  0  0  0  3  1  1  1  0  1  1  1  0  1  0  0  1  0
  2  0  2  1  1  1  3  1  0  2  0  2  1  0  0  1  1  1  2  0  0  1  0  1
  1  0  2  0  2  0  1  0  1  3  2  1  1  0  2  1  0  1  1  0  2  1  0  1
  1  1  0  0  0  0  1  0  1  0  1  1  2  1  0  0  2  1  0  0  0  0  0  0
  0  1  0  0  0  0  1  1  1  2  1  0  1  2  1  0  0  1  1  2  2  3  1  0
  1  1  1  1  1  1  2  2  1  1  0  2  0  0  0  1  1  1  1  1  1  1  0  1
  1  2  2  1  1  2  2  1  0  0  0  0  0  1  1  2  1  1  0  1  1  0  0  1
  0  1  0  1  0  1  1  0  1  0  0  1  0  2  1  1  3  1  0  1  1  2  0  0
  2  2  0  0  1  2  1  0  2  0  0  0  1  3  1  0  2  2  0  0  0  1  0  0
  1  2  0  0  1  2  0  1  2  1  0  2  1  0  2  3  1  3  1  0  0  1  1  1
  2  1  2  0  0  0  1  0  1  0  2  1  3  0  0  1  1  2  1  1  0  0  1  1
  1  1  2  1  2  0  0  0  3  1  1  2  0  1  1  1  1  1  0  0  1  0  0  1
  0  0  0  1  1  0  0  0  0  0  0  1  2  0  1  1  1  0  0  0  0  1  2  0
  1  1  2  1  2  0  0  1  1  1  1  2  2  1  1  1  1  1  1  1  1  1  1  1
  0  0  0  0  2  2  0  1  1  1  0  1  1  2  3  1]"
k_means,4,4.0,4.0,4.0,0.7748051285743713,0.1177249387807747,200,0.5,correlation,5,0.8596219728377412,,,,,"[0 1 1 1 1 2 1 1 0 1 0 0 1 1 1 1 0 1 0 0 1 0 3 1 3 1 3 1 1 0 1 1 0 1 0 1 0
 1 1 1 1 0 0 2 0 1 0 0 0 1 1 3 2 0 1 1 1 1 1 0 0 0 1 0 0 2 1 0 0 1 0 1 0 2
 2 1 0 2 3 1 2 1 1 1 0 1 1 0 2 0 2 1 1 1 1 0 2 0 1 3 1 1 0 1 1 2 1 0 1 1 0
 1 1 1 1 1 0 1 1 1 1 1 1 3 0 1 1 1 0 1 1 1 0 1 1 0 2 1 1 0 1 0 0 1 1 0 0 1
 1 1 1 0 2 0 2 0 2 0 2 1 1 0 2 1 2 0 2 1 0 1 1 0 3 0 1 0 0 2 0 2 2 1 0 1 0
 0 0 1 1 2 1 0 0 3 1 1 1 1 0 0 0 1 1 3 0 0 2 2 2 1 1 2 1 0 0 1 1 3 2 0 1 1
 0 0 0 3 2 0 0 1 0 1 0 1 1 0 0 1 2 1 1 1 1 0 1 1 0 1 1 1 0 1 1 1 1 1 0 1 1
 0 1 1 0 0 1 3 1 0 0 2 0 1 1 1 0 2 2 0 1 0 0 0 0 0 0 1 0 0 1 2 0 1 0 2 0 1
 2 1 0 0 1 1 1 0 1 1 0 0 0 1 2 1 1 0 2 0 0 1 1 0 1 1 0 1 1 1 0 1 1 0 3 1 1
 0 0 1 1 3 2 1 2 0 2 1 0 1 1 1 2 2 1 1 1 2 1 1 0 1 0 0 1 0 1 3 0 1 1 1 2 1
 0 0 1 1 0 1 0 0 1 1 0 0 2 2 0 1 1 0 1 2 0 1 0 1 0 0 0 1 1 1 0 1 0 2 0 1 2
 2 2 0 1 1 0 0 1 1 0 2 2 3 0 2 0 3 1 0 1 0 1 2 1 0 0 1 0 1 2 0 2 0 0 0 1 1
 2 1 1 2 0 0 1 1 3 2 1 0 1 1 1 1 1 1 2 2 1 1 1 1 3 1 0 2 0 0 0 1 0 1 2 1 1
 0 0 2 1 0 0 0 0 1 0 3 1 0 0 1 1 0 0 1 3 1 0 1 1 0 0 0 0 2 0 1 1 1 0 1 0 1
 1 1 1 0 3 2 0 0 2 2 1 0 1 1 1 1 0 0 2 3 1 1 1 0 0 0 0 0 3 1 2 0 0 1 0 1 3
 1 0 0 0 0 0 1 3 2 0 1 1 1 2 0 2 1 1 0 1 0 1 0 0 1 0 1 1 1 1 1 0 2 1 0 0 1
 1 1 1 1 2 0 2 2 3 0 1 0 1 1 3 1 0 0 2 0 1 0 2 1 1 0 1 1 1 0 0 0 1 1 0 1 2
 1 0 1 2 2 1 1 0 0 0 1 1 0 0 0 1 1 1 1 0 1 2 1 0 2 1 0 0 0 3 1 1 1 0 1 1 1
 0 1 0 0 1 0 2 0 2 1 1 1 3 1 0 2 0 2 1 0 0 1 1 1 2 0 0 1 0 1 1 1 2 0 2 0 1
 0 1 3 2 1 1 0 2 1 0 1 1 0 2 1 0 1 1 1 0 0 0 0 1 0 1 0 1 1 2 1 0 0 2 1 0 0
 0 0 0 0 0 1 0 0 0 0 1 1 1 2 1 0 1 2 1 0 0 1 1 2 2 3 1 0 1 1 1 1 1 1 2 2 1
 1 0 2 0 0 0 1 1 1 1 1 1 1 0 1 1 2 2 1 1 2 0 1 0 0 0 0 0 1 1 2 1 1 0 1 1 0
 0 1 0 1 0 1 0 1 1 0 1 0 0 1 1 2 1 1 3 1 0 1 1 2 0 0 2 2 0 0 1 2 1 0 2 0 0
 0 1 3 1 1 2 2 0 0 0 1 0 0 1 2 0 0 1 2 0 1 2 1 0 2 1 1 2 3 1 3 1 0 0 1 1 1
 2 1 2 0 0 0 1 0 1 0 2 1 3 0 0 1 1 2 1 1 0 0 1 1 1 1 2 1 2 0 0 0 3 1 1 2 0
 1 1 1 1 1 0 0 1 0 0 1 0 0 0 1 1 0 0 0 0 0 0 1 2 0 1 1 1 0 0 0 1 1 2 0 1 1
 2 1 2 0 0 1 1 1 1 2 2 1 1 1 1 1 1 1 1 1 1 1 0 0 0 0 2 2 0 1 1 1 0 1 1 2 3
 1]"
dbscan,4,,,,,0.06092145541586417,200,0.5,cosine,5,0.9039999070764833,1.3478484233664427,5.0,manhattan,0.9437468230604724,"[ 0  1  1  1  1  2  1  1  0  1  0  0  1  1  1  1  0  1  0  0  1  0  3  1
  3  1  3  1  1  0  1  1  0  1  0  1  0  1  1  1  1  0  0  2  0  1  0  0
  0  1  1  3  2  0  1  1  1  1  1  0  0  0  1  0  0  2  1  0  0  1  0  1
  0  2  2  1  0  2  3  1  2  1  1  1  0  1  1  0  2  0  2  1  1  1  1  0
  2  0  1  3  1  1  0  1  1  2  1  0  1  1  0  1  1  1  1  1  0  1  1  1
  1  1  1  3  0  1  1  1  0  1  1  1  0  1  1  0  2  1  1  0  1  0  0  1
  1  0  0  1  1  1  1  0  2  0  2  0  2  0  2  1  1  0  2  1  2  0  2  1
  0  1  1  0  3  0  1  0  0  2  0  2  2  1  0  1  0  0  0  1  1  2  1  0
  0  3  1  1  1  1  0  0  0  1  1  3  0  0  2  2  2  1  1  2  1  0  0  1
  1  3  2  0  1  1  0  0  0  3  2  0  0  1  0  1  0  1  1  0  0  1  2  1
  1  1  1  0  1  1  0  1  1  1  0  1  1  1  1  1  0  1  1  0  1  1  0  0
  1  3  1  0  0  2  0  1  1  1  0  2  2  0 -1  0  0  0  0  0  0  1  0  0
  1  2  0  1  0  2  0  1  2  1  0  0  1  1  1  0  1  1  0  0  0  1  2  1
  1  0  2  0  0  1  1  0  1  1  0  1  1  1  0  1  1  0  3  1  1  0  0  1
  1  3  2  1  2  0  2  1  0  1  1  1  2  2  1  1  1  2  1  1  0  1  0  0
  1  0  1  3  0  1  1  1  2  1  0  0  1  1  0  1  0  0  1  1  0  0  2  2
  0  1  1  0  1  2  0  1  0  1  0  0  0  1  1  1  0  1  0  2  0  1  2  2
  2  0  1  1  0  0  1  1  0  2  2  3  0  2  0  3  1  0  1  0  1  2  1  0
  0  1  0  1  2  0  2  0  0  0  1  1  2  1  1  2  0  0  1  1  3  2  1  0
  1  1  1  1  1  1  2  2  1  1  1  1  3  1  0  2  0  0  0  1  0  0  2  1
  1  0  0  2  1  0  0  0  0  1  0  3  1  0  0  1 -1  0  0  1  3  1  0  1
  1  0  0  0  0  2  0  1  1  1  0  1  0  1  1  1  1  0  3  2  0  0  2  2
  1  0  1  1  1  1  0  0  2  3  1  1  1  0  0  0  0  0  3  1  2  0  0  1
  0  1  3  1  0  0  0  0  0  1  3  2  0  1  1  1  2  0  2  1  1  0  1  0
  1  0  0  1  0  1  1  1  1  1  0  2  1  0  0  1  1  1  1  1  2  0  2  2
  3  0  1  0  1 -1  3  1  0  0  2  0  1  0  2  1  1  0  1  1  1  0  0  0
  1  1  0  1  2  1  0 -1  2  2  1  1  0  0  0  1  1  0  0  0  1  1  1  1
  0  1  2  1  0  2  1  0  0  0  3  1  1  1  0  1  1  1  0  1  0  0  1  0
  2  0  2  1  1  1  3  1  0  2  0  2  1  0  0  1  1  1  2  0  0  1 -1  1
  1  0  2  0  2  0  1  0  1  3  2  1  1  0  2  1  0  1  1  0  2  1  0  1
  1  1  0  0  0  0  1  0  1  0  1  1  2  1  0  0  2  1  0  0  0  0  0  0
  0  1  0  0  0  0  1  1  1  2  1  0  1  2  1  0  0  1 -1  2  2  3  1  0
  1  1  1  1  1  1  2  2  1  1  0  2  0  0  0  1  1  1  1  1  1  1  0  1
  1  2  2  1  1  2  0  1  0  0  0  0  0  1  1  2  1  1  0  1  1  0  0  1
  0  1  0  1  0  1  1  0  1  0  0  1  0  2  1  1  3  1  0  1  1  2  0  0
  2  2  0  0  1  2  1  0  2  0  0  0  1  3  1  0  2  2  0  0  0  1  0 -1
  1  2  0  0  1  2  0  1  2  1  0  2  1  0  2  3  1  3  1  0  0  1  1  1
  2  1  2  0  0  0  1  0  1  0  2  1  3  0  0 -1  1  2  1  1  0  0  1  1
  1  1  2  1  2  0  0  0  3  1  1  2  0  1  1  1  1  1  0  0  1  0  0  1
  0  0  0  1  1  0  0  0  0  0  0  1  2  0  1  1  1  0  0  0 -1  1  2  0
 -1  1  2  1  2  0  0  1  1  1  1  2  2  1  1  1  1 -1  1  1  1  1  1  1
  0  0  0  0  2  2  0  1 -1 -1  0  1  1  2  3  1]"
